2.000000000000000042e-02 1.000000000000000000e+00
4.000000000000000083e-02 1.000000000000000000e+00
5.999999999999999778e-02 1.000000000000000000e+00
7.999999999999998779e-02 1.000000000000000000e+00
1.000000000000000056e-01 1.000000000000000000e+00
1.199999999999999956e-01 1.000000000000000000e+00
1.400000000000000133e-01 1.000000000000000000e+00
1.600000000000000311e-01 1.000000000000000000e+00
1.799999999999999933e-01 8.587514009234976653e-01
2.000000000000000111e-01 8.394192841962287988e-01
2.200000000000000289e-01 1.000000000000000000e+00
2.399999999999999911e-01 6.530677759480187916e-01
2.600000000000000089e-01 3.786459860616316342e-01
2.800000000000000266e-01 8.691020303511067802e-01
3.000000000000000444e-01 1.000000000000000000e+00
3.200000000000000067e-01 1.000000000000000000e+00
3.400000000000000244e-01 1.000000000000000000e+00
3.599999999999999867e-01 9.956060938663432447e-01
3.800000000000000044e-01 9.964951755591985316e-01
4.000000000000000222e-01 9.271818515022443030e-01
4.200000000000000400e-01 8.857997433661343178e-01
4.400000000000000022e-01 9.753921740544557739e-01
4.600000000000000200e-01 1.000000000000000000e+00
4.799999999999999822e-01 9.935857708867282811e-01
5.000000000000000000e-01 1.000000000000000000e+00
5.200000000000000178e-01 1.000000000000000000e+00
5.400000000000000355e-01 1.000000000000000000e+00
5.600000000000000533e-01 8.856225845249011686e-01
5.800000000000000711e-01 8.751596428582810727e-01
5.999999999999999778e-01 8.549487433352499499e-01
6.199999999999999956e-01 8.182042865666256937e-01
6.400000000000000133e-01 8.284306824585433437e-01
6.600000000000000311e-01 8.237356428804354369e-01
6.800000000000000488e-01 7.688898476330957577e-01
7.000000000000000666e-01 7.600397677645168715e-01
7.199999999999999734e-01 7.424953685384878543e-01
7.399999999999999911e-01 7.075495454853670818e-01
7.600000000000000089e-01 7.004299494248976687e-01
7.800000000000000266e-01 6.894844715586275763e-01
8.000000000000000444e-01 6.724950627307308970e-01
8.200000000000000622e-01 6.682563314204370553e-01
8.400000000000000799e-01 6.630916616298330180e-01
8.599999999999999867e-01 6.593638980432119379e-01
8.800000000000000044e-01 6.541538760392702212e-01
9.000000000000000222e-01 6.498848785311232001e-01
9.200000000000000400e-01 6.584361504923635922e-01
9.400000000000000577e-01 6.682344133129343167e-01
9.599999999999999645e-01 6.774638796218299674e-01
9.799999999999999822e-01 6.888203529160067395e-01
1.000000000000000000e+00 7.028692041443771465e-01
1.020000000000000018e+00 7.132638267656179476e-01
1.040000000000000036e+00 7.327187672196313617e-01
1.060000000000000053e+00 7.521173587935420235e-01
1.080000000000000071e+00 7.678896551980980423e-01
1.100000000000000089e+00 7.983257895016377947e-01
1.120000000000000107e+00 8.035695519275294352e-01
1.140000000000000124e+00 7.990955757142135241e-01
1.160000000000000142e+00 8.189715781995364763e-01
1.179999999999999938e+00 8.324095079160794830e-01
1.199999999999999956e+00 8.427847252723202898e-01
1.219999999999999973e+00 8.458780486081228789e-01
1.239999999999999991e+00 8.441388506669638137e-01
1.260000000000000009e+00 8.634512849349768038e-01
1.280000000000000027e+00 8.787825058100603437e-01
1.300000000000000044e+00 8.739154498674028826e-01
1.320000000000000062e+00 8.850312798382297119e-01
1.340000000000000080e+00 9.063190682295747536e-01
1.360000000000000098e+00 9.203992379024760195e-01
1.380000000000000115e+00 9.267744869099583394e-01
1.400000000000000133e+00 9.363678048320950298e-01
1.419999999999999929e+00 9.598647049393544961e-01
1.439999999999999947e+00 9.785466366828285967e-01
1.459999999999999964e+00 9.719802311274026163e-01
1.479999999999999982e+00 9.769840846614545882e-01
1.500000000000000000e+00 9.938928027332660786e-01
1.520000000000000018e+00 9.899421868991411522e-01
1.540000000000000036e+00 9.874055962526562258e-01
1.560000000000000053e+00 9.755562385624197974e-01
1.580000000000000071e+00 9.863986628610109664e-01
1.600000000000000089e+00 1.000000000000000000e+00
