0.0150 0.00876655 1.0000 0.0000
0.0250 0.00862605 1.0000 0.0000
0.0350 0.00825772 1.0000 0.0000
0.0450 0.00772140 1.0000 0.0000
0.0550 0.00684233 1.0000 0.0000
0.0650 0.00685244 1.0000 0.0000
0.0750 0.00684981 1.0000 0.0000
0.0850 0.00687586 1.0000 0.0000
0.0950 0.00691085 1.0000 0.0000
0.1050 0.00665371 1.0000 0.0000
0.1150 0.00611642 1.0000 0.0000
0.1250 0.00535236 1.0000 0.0000
0.1350 0.00414527 0.9950 0.0050
0.1450 0.00323939 0.9798 0.0202
0.1550 0.00252620 0.9590 0.0410
0.1650 0.00190097 0.9367 0.0633
0.1750 0.00154959 0.9195 0.0805
0.1850 0.00130952 0.9138 0.0862
0.1950 0.00112105 0.9014 0.0986
0.2050 0.00102950 0.8692 0.1308
0.2150 0.00098420 0.8250 0.1750
0.2250 0.00092918 0.7669 0.2331
0.2350 0.00087204 0.7179 0.2821
0.2450 0.00077703 0.6989 0.3011
0.2550 0.00067969 0.6906 0.3094
0.2650 0.00058600 0.6983 0.3017
0.2750 0.00049614 0.7355 0.2645
0.2850 0.00040834 0.7949 0.2051
0.2950 0.00032947 0.8738 0.1262
0.3050 0.00026891 0.9451 0.0549
0.3150 0.00023009 0.9811 0.0189
0.3250 0.00020004 0.9947 0.0053
0.3350 0.00017020 0.9988 0.0012
0.3450 0.00014184 0.9982 0.0018
0.3550 0.00011582 0.9953 0.0047
0.3650 0.00009476 0.9873 0.0127
0.3750 0.00007923 0.9755 0.0245
0.3850 0.00006695 0.9608 0.0392
0.3950 0.00005704 0.9481 0.0519
0.4050 0.00005304 0.9420 0.0580
0.4150 0.00005740 0.9399 0.0601
0.4250 0.00006952 0.9420 0.0580
0.4350 0.00007882 0.9497 0.0503
0.4450 0.00008361 0.9609 0.0391
0.4550 0.00008906 0.9751 0.0249
0.4650 0.00009447 0.9879 0.0121
0.4750 0.00009656 0.9947 0.0053
0.4850 0.00009064 0.9973 0.0027
0.4950 0.00007540 0.9982 0.0018
0.5050 0.00006307 0.9984 0.0016
0.5150 0.00005630 0.9950 0.0050
0.5250 0.00004931 0.9834 0.0166
0.5350 0.00004466 0.9669 0.0331
0.5450 0.00004006 0.9495 0.0505
0.5550 0.00003773 0.9309 0.0691
0.5650 0.00004014 0.9109 0.0891
0.5750 0.00004527 0.8889 0.1111
0.5850 0.00005076 0.8683 0.1317
0.5950 0.00005725 0.8550 0.1450
0.6050 0.00006302 0.8468 0.1532
0.6150 0.00006969 0.8396 0.1604
0.6250 0.00007830 0.8331 0.1669
0.6350 0.00008764 0.8260 0.1740
0.6450 0.00009775 0.8170 0.1830
0.6550 0.00011107 0.8083 0.1917
0.6650 0.00013107 0.7999 0.2001
0.6750 0.00016263 0.7899 0.2101
0.6850 0.00020174 0.7784 0.2216
0.6950 0.00024682 0.7654 0.2346
0.7050 0.00029879 0.7520 0.2480
0.7150 0.00035917 0.7410 0.2590
0.7250 0.00042493 0.7318 0.2682
0.7350 0.00049220 0.7226 0.2774
0.7450 0.00055733 0.7135 0.2865
0.7550 0.00062368 0.7047 0.2953
0.7650 0.00069452 0.6966 0.3034
0.7750 0.00076739 0.6902 0.3098
0.7850 0.00083554 0.6850 0.3150
0.7950 0.00089941 0.6799 0.3201
0.8050 0.00096040 0.6752 0.3248
0.8150 0.00102353 0.6709 0.3291
0.8250 0.00107766 0.6673 0.3327
0.8350 0.00112451 0.6647 0.3353
0.8450 0.00115974 0.6624 0.3376
0.8550 0.00119135 0.6601 0.3399
0.8650 0.00121445 0.6578 0.3422
0.8750 0.00123584 0.6560 0.3440
0.8850 0.00124563 0.6552 0.3448
0.8950 0.00126140 0.6553 0.3447
0.9050 0.00126286 0.6564 0.3436
0.9150 0.00126226 0.6585 0.3415
0.9250 0.00125455 0.6617 0.3383
0.9350 0.00124551 0.6659 0.3341
0.9450 0.00122936 0.6707 0.3293
0.9550 0.00121400 0.6759 0.3241
0.9650 0.00119238 0.6814 0.3186
0.9750 0.00118033 0.6870 0.3130
0.9850 0.00116895 0.6928 0.3072
0.9950 0.00115825 0.6989 0.3011
1.0050 0.00113735 0.7057 0.2943
1.0150 0.00111079 0.7131 0.2869
1.0250 0.00109003 0.7209 0.2791
1.0350 0.00105987 0.7290 0.2710
1.0450 0.00102558 0.7374 0.2626
1.0550 0.00099141 0.7466 0.2534
1.0650 0.00095321 0.7570 0.2430
1.0750 0.00092572 0.7672 0.2328
1.0850 0.00090618 0.7765 0.2235
1.0950 0.00087884 0.7844 0.2156
1.1050 0.00086030 0.7907 0.2093
1.1150 0.00084617 0.7964 0.2036
1.1250 0.00083110 0.8019 0.1981
1.1350 0.00082373 0.8064 0.1936
1.1450 0.00081500 0.8106 0.1894
1.1550 0.00080621 0.8153 0.1847
1.1650 0.00079947 0.8207 0.1793
1.1750 0.00079007 0.8269 0.1731
1.1850 0.00077991 0.8327 0.1673
1.1950 0.00076747 0.8372 0.1628
1.2050 0.00075668 0.8404 0.1596
1.2150 0.00074801 0.8433 0.1567
1.2250 0.00073788 0.8466 0.1534
1.2350 0.00072539 0.8505 0.1495
1.2450 0.00071049 0.8550 0.1450
1.2550 0.00069619 0.8596 0.1404
1.2650 0.00068567 0.8639 0.1361
1.2750 0.00067426 0.8685 0.1315
1.2850 0.00066195 0.8732 0.1268
1.2950 0.00065129 0.8777 0.1223
1.3050 0.00064293 0.8826 0.1174
1.3150 0.00063777 0.8875 0.1125
1.3250 0.00062954 0.8932 0.1068
1.3350 0.00062144 0.8999 0.1001
1.3450 0.00061060 0.9068 0.0932
1.3550 0.00060087 0.9135 0.0865
1.3650 0.00059213 0.9197 0.0803
1.3750 0.00057936 0.9256 0.0744
1.3850 0.00056690 0.9319 0.0681
1.3950 0.00055661 0.9387 0.0613
1.4050 0.00054647 0.9461 0.0539
1.4150 0.00053603 0.9535 0.0465
1.4250 0.00052639 0.9599 0.0401
1.4350 0.00051512 0.9655 0.0345
1.4450 0.00050739 0.9703 0.0297
1.4550 0.00049959 0.9742 0.0258
1.4650 0.00049245 0.9777 0.0223
1.4750 0.00048271 0.9805 0.0195
1.4850 0.00047158 0.9825 0.0175
1.4950 0.00046270 0.9847 0.0153
1.5050 0.00044799 0.9868 0.0132
1.5150 0.00043677 0.9881 0.0119
1.5250 0.00042771 0.9877 0.0123
1.5350 0.00041759 0.9861 0.0139
1.5450 0.00041321 0.9847 0.0153
1.5550 0.00040919 0.9846 0.0154
1.5650 0.00039943 0.9856 0.0144
1.5750 0.00040063 0.9878 0.0122
1.5850 0.00040087 0.9914 0.0086
1.5950 0.00039802 0.9966 0.0034
1.6450 0.00032308 1.0000 0.0000
1.7450 0.00024606 1.0000 0.0000
1.8450 0.00016905 1.0000 0.0000
1.9450 0.00009204 1.0000 0.0000
2.0450 0.00001503 1.0000 0.0000
