0.0150 0.00493712 1.0000 0.0000
0.0250 0.00509372 1.0000 0.0000
0.0350 0.00503775 1.0000 0.0000
0.0450 0.00509875 1.0000 0.0000
0.0550 0.00475344 1.0000 0.0000
0.0650 0.00497401 1.0000 0.0000
0.0750 0.00497526 1.0000 0.0000
0.0850 0.00520780 1.0000 0.0000
0.0950 0.00519752 1.0000 0.0000
0.1050 0.00497336 1.0000 0.0000
0.1150 0.00453083 1.0000 0.0000
0.1250 0.00391211 1.0000 0.0000
0.1350 0.00319904 0.9950 0.0050
0.1450 0.00266773 0.9798 0.0202
0.1550 0.00220365 0.9590 0.0410
0.1650 0.00180505 0.9367 0.0633
0.1750 0.00152605 0.9195 0.0805
0.1850 0.00132882 0.9138 0.0862
0.1950 0.00118280 0.9014 0.0986
0.2050 0.00111763 0.8692 0.1308
0.2150 0.00110579 0.8250 0.1750
0.2250 0.00107045 0.7669 0.2331
0.2350 0.00102517 0.7179 0.2821
0.2450 0.00093999 0.6989 0.3011
0.2550 0.00085734 0.6906 0.3094
0.2650 0.00076312 0.6983 0.3017
0.2750 0.00067266 0.7355 0.2645
0.2850 0.00057225 0.7949 0.2051
0.2950 0.00048234 0.8738 0.1262
0.3050 0.00040631 0.9451 0.0549
0.3150 0.00035574 0.9811 0.0189
0.3250 0.00031908 0.9947 0.0053
0.3350 0.00028578 0.9988 0.0012
0.3450 0.00025447 0.9982 0.0018
0.3550 0.00022101 0.9953 0.0047
0.3650 0.00019462 0.9873 0.0127
0.3750 0.00017213 0.9755 0.0245
0.3850 0.00015209 0.9608 0.0392
0.3950 0.00014335 0.9481 0.0519
0.4050 0.00014134 0.9420 0.0580
0.4150 0.00014556 0.9399 0.0601
0.4250 0.00015530 0.9420 0.0580
0.4350 0.00016079 0.9497 0.0503
0.4450 0.00016529 0.9609 0.0391
0.4550 0.00016500 0.9751 0.0249
0.4650 0.00015928 0.9879 0.0121
0.4750 0.00015517 0.9947 0.0053
0.4850 0.00014398 0.9973 0.0027
0.4950 0.00012686 0.9982 0.0018
0.5050 0.00011372 0.9984 0.0016
0.5150 0.00010180 0.9950 0.0050
0.5250 0.00009620 0.9834 0.0166
0.5350 0.00009253 0.9669 0.0331
0.5450 0.00008645 0.9495 0.0505
0.5550 0.00008513 0.9309 0.0691
0.5650 0.00009076 0.9109 0.0891
0.5750 0.00010268 0.8889 0.1111
0.5850 0.00011740 0.8683 0.1317
0.5950 0.00013104 0.8550 0.1450
0.6050 0.00014474 0.8468 0.1532
0.6150 0.00016195 0.8396 0.1604
0.6250 0.00018113 0.8331 0.1669
0.6350 0.00020328 0.8260 0.1740
0.6450 0.00022404 0.8170 0.1830
0.6550 0.00024650 0.8083 0.1917
0.6650 0.00027517 0.7999 0.2001
0.6750 0.00031867 0.7899 0.2101
0.6850 0.00037144 0.7784 0.2216
0.6950 0.00042874 0.7654 0.2346
0.7050 0.00049620 0.7520 0.2480
0.7150 0.00056633 0.7410 0.2590
0.7250 0.00064490 0.7318 0.2682
0.7350 0.00072739 0.7226 0.2774
0.7450 0.00080420 0.7135 0.2865
0.7550 0.00087341 0.7047 0.2953
0.7650 0.00094279 0.6966 0.3034
0.7750 0.00101378 0.6902 0.3098
0.7850 0.00108086 0.6850 0.3150
0.7950 0.00113264 0.6799 0.3201
0.8050 0.00117008 0.6752 0.3248
0.8150 0.00121524 0.6709 0.3291
0.8250 0.00124781 0.6673 0.3327
0.8350 0.00128210 0.6647 0.3353
0.8450 0.00129485 0.6624 0.3376
0.8550 0.00130766 0.6601 0.3399
0.8650 0.00133140 0.6578 0.3422
0.8750 0.00136330 0.6560 0.3440
0.8850 0.00137290 0.6552 0.3448
0.8950 0.00138759 0.6553 0.3447
0.9050 0.00138901 0.6564 0.3436
0.9150 0.00138901 0.6585 0.3415
0.9250 0.00138980 0.6617 0.3383
0.9350 0.00137175 0.6659 0.3341
0.9450 0.00135200 0.6707 0.3293
0.9550 0.00132402 0.6759 0.3241
0.9650 0.00129438 0.6814 0.3186
0.9750 0.00125928 0.6870 0.3130
0.9850 0.00122503 0.6928 0.3072
0.9950 0.00118728 0.6989 0.3011
1.0050 0.00115189 0.7057 0.2943
1.0150 0.00110039 0.7131 0.2869
1.0250 0.00107019 0.7209 0.2791
1.0350 0.00103729 0.7290 0.2710
1.0450 0.00100664 0.7374 0.2626
1.0550 0.00097636 0.7466 0.2534
1.0650 0.00094611 0.7570 0.2430
1.0750 0.00092247 0.7672 0.2328
1.0850 0.00090132 0.7765 0.2235
1.0950 0.00087348 0.7844 0.2156
1.1050 0.00085699 0.7907 0.2093
1.1150 0.00083942 0.7964 0.2036
1.1250 0.00082483 0.8019 0.1981
1.1350 0.00081176 0.8064 0.1936
1.1450 0.00079641 0.8106 0.1894
1.1550 0.00078862 0.8153 0.1847
1.1650 0.00077608 0.8207 0.1793
1.1750 0.00076025 0.8269 0.1731
1.1850 0.00074409 0.8327 0.1673
1.1950 0.00073007 0.8372 0.1628
1.2050 0.00071903 0.8404 0.1596
1.2150 0.00070552 0.8433 0.1567
1.2250 0.00069396 0.8466 0.1534
1.2350 0.00068431 0.8505 0.1495
1.2450 0.00067103 0.8550 0.1450
1.2550 0.00066394 0.8596 0.1404
1.2650 0.00065792 0.8639 0.1361
1.2750 0.00064263 0.8685 0.1315
1.2850 0.00062951 0.8732 0.1268
1.2950 0.00061549 0.8777 0.1223
1.3050 0.00060765 0.8826 0.1174
1.3150 0.00059812 0.8875 0.1125
1.3250 0.00058226 0.8932 0.1068
1.3350 0.00057102 0.8999 0.1001
1.3450 0.00056037 0.9068 0.0932
1.3550 0.00055286 0.9135 0.0865
1.3650 0.00054449 0.9197 0.0803
1.3750 0.00053347 0.9256 0.0744
1.3850 0.00052012 0.9319 0.0681
1.3950 0.00051303 0.9387 0.0613
1.4050 0.00050007 0.9461 0.0539
1.4150 0.00048825 0.9535 0.0465
1.4250 0.00047604 0.9599 0.0401
1.4350 0.00046300 0.9655 0.0345
1.4450 0.00044917 0.9703 0.0297
1.4550 0.00043985 0.9742 0.0258
1.4650 0.00042815 0.9777 0.0223
1.4750 0.00041704 0.9805 0.0195
1.4850 0.00040811 0.9825 0.0175
1.4950 0.00040172 0.9847 0.0153
1.5050 0.00039232 0.9868 0.0132
1.5150 0.00038168 0.9881 0.0119
1.5250 0.00037187 0.9877 0.0123
1.5350 0.00036567 0.9861 0.0139
1.5450 0.00036106 0.9847 0.0153
1.5550 0.00035588 0.9846 0.0154
1.5650 0.00034579 0.9856 0.0144
1.5750 0.00034520 0.9878 0.0122
1.5850 0.00034662 0.9914 0.0086
1.5950 0.00034624 0.9966 0.0034
1.6450 0.00029272 1.0000 0.0000
1.7450 0.00021956 1.0000 0.0000
1.8450 0.00014641 1.0000 0.0000
1.9450 0.00007325 1.0000 0.0000
2.0450 0.00000010 1.0000 0.0000
