2.000000000000000042e-02 1.000000000000000000e+00
4.000000000000000083e-02 1.000000000000000000e+00
5.999999999999999778e-02 9.924459389110913410e-01
7.999999999999998779e-02 9.156715056128865715e-01
1.000000000000000056e-01 8.948116937215606637e-01
1.199999999999999956e-01 9.725838685987528986e-01
1.400000000000000133e-01 1.000000000000000000e+00
1.600000000000000311e-01 1.000000000000000000e+00
1.799999999999999933e-01 1.000000000000000000e+00
2.000000000000000111e-01 1.000000000000000000e+00
2.200000000000000289e-01 1.000000000000000000e+00
2.399999999999999911e-01 5.133560352824400042e-01
2.600000000000000089e-01 1.773248680180060377e-01
2.800000000000000266e-01 5.174565023235034866e-01
3.000000000000000444e-01 8.877069716258035870e-01
3.200000000000000067e-01 1.000000000000000000e+00
3.400000000000000244e-01 1.000000000000000000e+00
3.599999999999999867e-01 1.000000000000000000e+00
3.800000000000000044e-01 1.000000000000000000e+00
4.000000000000000222e-01 1.000000000000000000e+00
4.200000000000000400e-01 9.898256395552196274e-01
4.400000000000000022e-01 8.190561105815324927e-01
4.600000000000000200e-01 7.538490189984088374e-01
4.799999999999999822e-01 7.101631145111022558e-01
5.000000000000000000e-01 8.169686395583363181e-01
5.200000000000000178e-01 1.000000000000000000e+00
5.400000000000000355e-01 1.000000000000000000e+00
5.600000000000000533e-01 1.000000000000000000e+00
5.800000000000000711e-01 8.376545017280245808e-01
5.999999999999999778e-01 6.868552893361494771e-01
6.199999999999999956e-01 6.971145639906510816e-01
6.400000000000000133e-01 8.129191599036410532e-01
6.600000000000000311e-01 9.159283334450238900e-01
6.800000000000000488e-01 8.908994412889383874e-01
7.000000000000000666e-01 8.469125536576125324e-01
7.199999999999999734e-01 7.848890976808423625e-01
7.399999999999999911e-01 7.388065785536360730e-01
7.600000000000000089e-01 6.911479565983142948e-01
7.800000000000000266e-01 6.628180280617891329e-01
8.000000000000000444e-01 6.508384603727735973e-01
8.200000000000000622e-01 6.427105127016923269e-01
8.400000000000000799e-01 6.538600368470579571e-01
8.599999999999999867e-01 6.656060792059151909e-01
8.800000000000000044e-01 6.678875412566449565e-01
9.000000000000000222e-01 6.558182617602706932e-01
9.200000000000000400e-01 6.507266370693389756e-01
9.400000000000000577e-01 6.550844803196075317e-01
9.599999999999999645e-01 6.664309533271520758e-01
9.799999999999999822e-01 6.764651883123274922e-01
1.000000000000000000e+00 6.940953531469861160e-01
1.020000000000000018e+00 7.266220643079875918e-01
1.040000000000000036e+00 7.519579139999394979e-01
1.060000000000000053e+00 7.801370445049450320e-01
1.080000000000000071e+00 7.915129229930506494e-01
1.100000000000000089e+00 7.987766493000929557e-01
1.120000000000000107e+00 7.972469710263013765e-01
1.140000000000000124e+00 8.026501103666777714e-01
1.160000000000000142e+00 8.156240959478399111e-01
1.179999999999999938e+00 8.234080857666945530e-01
1.199999999999999956e+00 8.228205959036418715e-01
1.219999999999999973e+00 8.291143591883072261e-01
1.239999999999999991e+00 8.525226842551247852e-01
1.260000000000000009e+00 8.751118926447448709e-01
1.280000000000000027e+00 8.887794116200249395e-01
1.300000000000000044e+00 8.845916305570320493e-01
1.320000000000000062e+00 8.856974645401772817e-01
1.340000000000000080e+00 8.915511751335712942e-01
1.360000000000000098e+00 9.148249189029987738e-01
1.380000000000000115e+00 9.322616805870518331e-01
1.400000000000000133e+00 9.484415744935381642e-01
1.419999999999999929e+00 9.584201284562848810e-01
1.439999999999999947e+00 9.497559601955822828e-01
1.459999999999999964e+00 9.544719505467861298e-01
1.479999999999999982e+00 9.632237401493709550e-01
1.500000000000000000e+00 9.795901540543331398e-01
1.520000000000000018e+00 1.000000000000000000e+00
1.540000000000000036e+00 1.000000000000000000e+00
1.560000000000000053e+00 1.000000000000000000e+00
1.580000000000000071e+00 9.848804840680239758e-01
1.600000000000000089e+00 9.912967700118883174e-01
