0.0150 0.00541434 1.0000 0.0000
0.0250 0.00558608 1.0000 0.0000
0.0350 0.00552469 1.0000 0.0000
0.0450 0.00559160 1.0000 0.0000
0.0550 0.00521290 1.0000 0.0000
0.0650 0.00545480 1.0000 0.0000
0.0750 0.00545616 1.0000 0.0000
0.0850 0.00571118 1.0000 0.0000
0.0950 0.00569991 1.0000 0.0000
0.1050 0.00545409 1.0000 0.0000
0.1150 0.00496878 1.0000 0.0000
0.1250 0.00429025 1.0000 0.0000
0.1350 0.00350826 0.9950 0.0050
0.1450 0.00292559 0.9798 0.0202
0.1550 0.00241665 0.9590 0.0410
0.1650 0.00197952 0.9367 0.0633
0.1750 0.00167356 0.9195 0.0805
0.1850 0.00145726 0.9138 0.0862
0.1950 0.00129713 0.9014 0.0986
0.2050 0.00122566 0.8692 0.1308
0.2150 0.00121268 0.8250 0.1750
0.2250 0.00117392 0.7669 0.2331
0.2350 0.00112426 0.7179 0.2821
0.2450 0.00103085 0.6989 0.3011
0.2550 0.00094021 0.6906 0.3094
0.2650 0.00083689 0.6983 0.3017
0.2750 0.00073768 0.7355 0.2645
0.2850 0.00062757 0.7949 0.2051
0.2950 0.00052896 0.8738 0.1262
0.3050 0.00044558 0.9451 0.0549
0.3150 0.00039012 0.9811 0.0189
0.3250 0.00034992 0.9947 0.0053
0.3350 0.00031340 0.9988 0.0012
0.3450 0.00027906 0.9982 0.0018
0.3550 0.00024237 0.9953 0.0047
0.3650 0.00021343 0.9873 0.0127
0.3750 0.00018877 0.9755 0.0245
0.3850 0.00016679 0.9608 0.0392
0.3950 0.00015720 0.9481 0.0519
0.4050 0.00015501 0.9420 0.0580
0.4150 0.00015963 0.9399 0.0601
0.4250 0.00017031 0.9420 0.0580
0.4350 0.00017633 0.9497 0.0503
0.4450 0.00018126 0.9609 0.0391
0.4550 0.00018095 0.9751 0.0249
0.4650 0.00017468 0.9879 0.0121
0.4750 0.00017017 0.9947 0.0053
0.4850 0.00015789 0.9973 0.0027
0.4950 0.00013913 0.9982 0.0018
0.5050 0.00012472 0.9984 0.0016
0.5150 0.00011164 0.9950 0.0050
0.5250 0.00010550 0.9834 0.0166
0.5350 0.00010148 0.9669 0.0331
0.5450 0.00009480 0.9495 0.0505
0.5550 0.00009336 0.9309 0.0691
0.5650 0.00009954 0.9109 0.0891
0.5750 0.00011261 0.8889 0.1111
0.5850 0.00012875 0.8683 0.1317
0.5950 0.00014371 0.8550 0.1450
0.6050 0.00015873 0.8468 0.1532
0.6150 0.00017760 0.8396 0.1604
0.6250 0.00019864 0.8331 0.1669
0.6350 0.00022293 0.8260 0.1740
0.6450 0.00024570 0.8170 0.1830
0.6550 0.00027032 0.8083 0.1917
0.6650 0.00030176 0.7999 0.2001
0.6750 0.00034947 0.7899 0.2101
0.6850 0.00040735 0.7784 0.2216
0.6950 0.00047019 0.7654 0.2346
0.7050 0.00054416 0.7520 0.2480
0.7150 0.00062107 0.7410 0.2590
0.7250 0.00070723 0.7318 0.2682
0.7350 0.00079770 0.7226 0.2774
0.7450 0.00088194 0.7135 0.2865
0.7550 0.00095783 0.7047 0.2953
0.7650 0.00103392 0.6966 0.3034
0.7750 0.00111177 0.6902 0.3098
0.7850 0.00118533 0.6850 0.3150
0.7950 0.00124212 0.6799 0.3201
0.8050 0.00128318 0.6752 0.3248
0.8150 0.00133270 0.6709 0.3291
0.8250 0.00136842 0.6673 0.3327
0.8350 0.00140603 0.6647 0.3353
0.8450 0.00142001 0.6624 0.3376
0.8550 0.00143406 0.6601 0.3399
0.8650 0.00146009 0.6578 0.3422
0.8750 0.00149508 0.6560 0.3440
0.8850 0.00150560 0.6552 0.3448
0.8950 0.00152171 0.6553 0.3447
0.9050 0.00152328 0.6564 0.3436
0.9150 0.00152327 0.6585 0.3415
0.9250 0.00152413 0.6617 0.3383
0.9350 0.00150435 0.6659 0.3341
0.9450 0.00148269 0.6707 0.3293
0.9550 0.00145200 0.6759 0.3241
0.9650 0.00141950 0.6814 0.3186
0.9750 0.00138101 0.6870 0.3130
0.9850 0.00134345 0.6928 0.3072
0.9950 0.00130205 0.6989 0.3011
1.0050 0.00126323 0.7057 0.2943
1.0150 0.00120675 0.7131 0.2869
1.0250 0.00117364 0.7209 0.2791
1.0350 0.00113755 0.7290 0.2710
1.0450 0.00110395 0.7374 0.2626
1.0550 0.00107073 0.7466 0.2534
1.0650 0.00103756 0.7570 0.2430
1.0750 0.00101163 0.7672 0.2328
1.0850 0.00098845 0.7765 0.2235
1.0950 0.00095791 0.7844 0.2156
1.1050 0.00093982 0.7907 0.2093
1.1150 0.00092056 0.7964 0.2036
1.1250 0.00090455 0.8019 0.1981
1.1350 0.00089022 0.8064 0.1936
1.1450 0.00087339 0.8106 0.1894
1.1550 0.00086485 0.8153 0.1847
1.1650 0.00085110 0.8207 0.1793
1.1750 0.00083373 0.8269 0.1731
1.1850 0.00081602 0.8327 0.1673
1.1950 0.00080064 0.8372 0.1628
1.2050 0.00078853 0.8404 0.1596
1.2150 0.00077372 0.8433 0.1567
1.2250 0.00076104 0.8466 0.1534
1.2350 0.00075045 0.8505 0.1495
1.2450 0.00073590 0.8550 0.1450
1.2550 0.00072812 0.8596 0.1404
1.2650 0.00072152 0.8639 0.1361
1.2750 0.00070475 0.8685 0.1315
1.2850 0.00069036 0.8732 0.1268
1.2950 0.00067498 0.8777 0.1223
1.3050 0.00066639 0.8826 0.1174
1.3150 0.00065593 0.8875 0.1125
1.3250 0.00063854 0.8932 0.1068
1.3350 0.00062622 0.8999 0.1001
1.3450 0.00061454 0.9068 0.0932
1.3550 0.00060630 0.9135 0.0865
1.3650 0.00059712 0.9197 0.0803
1.3750 0.00058504 0.9256 0.0744
1.3850 0.00057040 0.9319 0.0681
1.3950 0.00056262 0.9387 0.0613
1.4050 0.00054840 0.9461 0.0539
1.4150 0.00053544 0.9535 0.0465
1.4250 0.00052206 0.9599 0.0401
1.4350 0.00050776 0.9655 0.0345
1.4450 0.00049258 0.9703 0.0297
1.4550 0.00048236 0.9742 0.0258
1.4650 0.00046953 0.9777 0.0223
1.4750 0.00045735 0.9805 0.0195
1.4850 0.00044756 0.9825 0.0175
1.4950 0.00044055 0.9847 0.0153
1.5050 0.00043024 0.9868 0.0132
1.5150 0.00041857 0.9881 0.0119
1.5250 0.00040781 0.9877 0.0123
1.5350 0.00040101 0.9861 0.0139
1.5450 0.00039596 0.9847 0.0153
1.5550 0.00039028 0.9846 0.0154
1.5650 0.00037921 0.9856 0.0144
1.5750 0.00037857 0.9878 0.0122
1.5850 0.00038012 0.9914 0.0086
1.5950 0.00037971 0.9966 0.0034
1.6050 0.00037930 1.0000 0.0000
1.6150 0.00037889 1.0000 0.0000
