0.0150 0.00041980
0.0250 0.00042245
0.0350 0.00041897
0.0450 0.00041352
0.0550 0.00039293
0.0650 0.00034871
0.0750 0.00029815
0.0850 0.00026007
0.0950 0.00021648
0.1050 0.00018712
0.1150 0.00015492
0.1250 0.00012553
0.1350 0.00010773
0.1450 0.00009450
0.1550 0.00008882
0.1650 0.00008656
0.1750 0.00008804
0.1850 0.00009215
0.1950 0.00010116
0.2050 0.00011141
0.2150 0.00012359
0.2250 0.00013587
0.2350 0.00015200
0.2450 0.00016354
0.2550 0.00017839
0.2650 0.00019047
0.2750 0.00020526
0.2850 0.00022375
0.2950 0.00024432
0.3050 0.00027385
0.3150 0.00031397
0.3250 0.00035958
0.3350 0.00040793
0.3450 0.00045280
0.3550 0.00049362
0.3650 0.00052761
0.3750 0.00054537
0.3850 0.00055521
0.3950 0.00055478
0.4050 0.00055055
0.4150 0.00054782
0.4250 0.00054369
0.4350 0.00053836
0.4450 0.00053656
0.4550 0.00053368
0.4650 0.00053277
0.4750 0.00053335
0.4850 0.00052963
0.4950 0.00052854
0.5050 0.00053129
0.5150 0.00053315
0.5250 0.00053713
0.5350 0.00054207
0.5450 0.00054320
0.5550 0.00054595
0.5650 0.00054661
0.5750 0.00054869
0.5850 0.00055144
0.5950 0.00055084
0.6050 0.00054830
0.6150 0.00054632
0.6250 0.00054524
0.6350 0.00054370
0.6450 0.00053902
0.6550 0.00053466
0.6650 0.00053112
0.6750 0.00052745
0.6850 0.00052394
0.6950 0.00052055
0.7050 0.00051780
0.7150 0.00051976
0.7250 0.00052077
0.7350 0.00052353
0.7450 0.00052948
0.7550 0.00053786
0.7650 0.00054946
0.7750 0.00055885
0.7850 0.00056182
0.7950 0.00056269
0.8050 0.00056098
0.8150 0.00055418
0.8250 0.00054374
0.8350 0.00052616
0.8450 0.00050769
0.8550 0.00049079
0.8650 0.00047165
0.8750 0.00045201
0.8850 0.00043064
0.8950 0.00040837
0.9050 0.00038805
0.9150 0.00036672
0.9250 0.00034452
0.9350 0.00032291
0.9450 0.00029984
0.9550 0.00027795
0.9650 0.00025637
0.9750 0.00023421
0.9850 0.00021381
0.9950 0.00019348
1.0050 0.00017497
1.0150 0.00015862
1.0250 0.00014394
1.0350 0.00013035
1.0450 0.00011777
1.0550 0.00010544
1.0650 0.00009483
1.0750 0.00008524
1.0850 0.00007627
1.0950 0.00006812
1.1050 0.00006087
1.1150 0.00005458
1.1250 0.00004873
1.1350 0.00004335
1.1450 0.00003853
1.1550 0.00003385
1.1650 0.00002971
1.1750 0.00002617
1.1850 0.00002269
1.1950 0.00001979
1.2050 0.00001720
1.2150 0.00001489
1.2250 0.00001293
1.2350 0.00001125
1.2450 0.00000970
1.2550 0.00000855
1.2650 0.00000743
1.2750 0.00000647
1.2850 0.00000580
1.2950 0.00000511
1.3050 0.00000446
1.3150 0.00000388
1.3250 0.00000334
1.3350 0.00000291
1.3450 0.00000250
1.3550 0.00000203
1.3650 0.00000165
1.3750 0.00000140
1.3850 0.00000118
1.3950 0.00000097
1.4050 0.00000081
1.4150 0.00000070
1.4250 0.00000060
1.4350 0.00000052
1.4450 0.00000045
1.4550 0.00000042
1.4650 0.00000051
1.4750 0.00000044
1.4850 0.00000037
1.4950 0.00000032
1.5050 0.00000027
1.5150 0.00000022
1.5250 0.00000016
1.5350 0.00000000
1.5450 0.00000000
1.5550 0.00000000
1.5650 0.00000000
1.5750 0.00000000
1.5850 0.00000000
1.5950 0.00000000
