0.0200 0.00000000
0.0401 0.00000848
0.0601 0.00002024
0.0802 0.00002206
0.1002 0.00002338
0.1203 0.00002452
0.1403 0.00001610
0.1604 0.00001151
0.1804 0.00000970
0.2005 0.00000840
0.2205 0.00000749
0.2406 0.00000737
0.2606 0.00000741
0.2807 0.00000773
0.3007 0.00000835
0.3208 0.00000915
0.3408 0.00001007
0.3609 0.00001122
0.3809 0.00001217
0.4010 0.00001324
0.4210 0.00001438
0.4411 0.00001533
0.4611 0.00001624
0.4812 0.00001723
0.5012 0.00001836
0.5213 0.00001957
0.5413 0.00002086
0.5614 0.00002212
0.5814 0.00002335
0.6015 0.00002463
0.6215 0.00002614
0.6416 0.00002745
0.6616 0.00002889
0.6817 0.00003045
0.7017 0.00003199
0.7218 0.00003361
0.7418 0.00003533
0.7619 0.00003672
0.7819 0.00003818
0.8020 0.00003931
0.8220 0.00004050
0.8421 0.00004158
0.8621 0.00004257
0.8822 0.00004331
0.9022 0.00004394
0.9223 0.00004440
0.9423 0.00004499
0.9624 0.00004533
0.9824 0.00004565
1.0025 0.00004607
1.0225 0.00004640
1.0426 0.00004686
1.0626 0.00004732
1.0827 0.00004792
1.1027 0.00004863
1.1228 0.00004925
1.1428 0.00004965
1.1629 0.00005028
1.1829 0.00005097
1.2030 0.00005161
1.2230 0.00005217
1.2431 0.00005257
1.2631 0.00005264
1.2832 0.00005287
1.3032 0.00005283
1.3233 0.00005258
1.3433 0.00005232
1.3634 0.00005225
1.3834 0.00005204
1.4035 0.00005212
1.4235 0.00005212
1.4436 0.00005228
1.4636 0.00005260
1.4837 0.00005277
1.5037 0.00005276
1.5238 0.00005279
1.5438 0.00005214
1.5639 0.00005178
1.5839 0.00005163
1.6040 0.00005143
1.6240 0.00005108
1.6441 0.00005069
1.6641 0.00004993
1.6842 0.00005019
1.7042 0.00004997
1.7243 0.00004967
1.7443 0.00004900
1.7644 0.00004854
1.7844 0.00004801
1.8045 0.00004755
1.8245 0.00004675
1.8446 0.00004607
1.8646 0.00004512
1.8847 0.00004461
1.9047 0.00004378
1.9248 0.00004277
1.9448 0.00004210
1.9649 0.00004125
1.9849 0.00004048
2.0050 0.00003977
2.0251 0.00003880
2.0451 0.00003829
2.0652 0.00003785
2.0852 0.00003726
2.1053 0.00003677
2.1253 0.00003594
2.1454 0.00003524
2.1654 0.00003457
2.1855 0.00003386
2.2055 0.00003302
2.2256 0.00003224
2.2456 0.00003150
2.2657 0.00003091
2.2857 0.00003011
2.3058 0.00002943
2.3258 0.00002866
2.3459 0.00002799
2.3659 0.00002736
2.3860 0.00002658
2.4060 0.00002592
2.4261 0.00002528
2.4461 0.00002458
2.4662 0.00002390
2.4862 0.00002322
2.5063 0.00002238
2.5263 0.00002159
2.5464 0.00002076
2.5664 0.00002005
2.5865 0.00001938
2.6065 0.00001872
2.6266 0.00001798
2.6466 0.00001737
2.6667 0.00001689
2.6867 0.00001641
2.7068 0.00001583
2.7268 0.00001529
2.7469 0.00001475
2.7669 0.00001437
2.7870 0.00001404
2.8070 0.00001371
2.8271 0.00001334
2.8471 0.00001302
2.8672 0.00001266
2.8872 0.00001226
2.9073 0.00001183
2.9273 0.00001140
2.9474 0.00001097
2.9674 0.00001051
2.9875 0.00001008
3.0075 0.00000968
3.0276 0.00000932
3.0476 0.00000894
3.0677 0.00000853
3.0877 0.00000814
3.1078 0.00000784
3.1278 0.00000749
3.1479 0.00000720
3.1679 0.00000690
3.1880 0.00000666
3.2080 0.00000641
3.2281 0.00000614
3.2481 0.00000588
3.2682 0.00000564
3.2882 0.00000538
3.3083 0.00000511
3.3283 0.00000483
3.3484 0.00000454
3.3684 0.00000428
3.3885 0.00000397
3.4085 0.00000369
3.4286 0.00000337
3.4486 0.00000311
3.4687 0.00000283
3.4887 0.00000261
3.5088 0.00000243
3.5288 0.00000228
3.5489 0.00000216
3.5689 0.00000205
3.5890 0.00000196
3.6090 0.00000192
3.6291 0.00000186
3.6491 0.00000176
3.6692 0.00000167
3.6892 0.00000161
3.7093 0.00000157
3.7293 0.00000154
3.7494 0.00000147
3.7694 0.00000144
3.7895 0.00000143
3.8095 0.00000141
3.8296 0.00000137
3.8496 0.00000130
3.8697 0.00000124
3.8897 0.00000119
3.9098 0.00000112
3.9298 0.00000108
3.9499 0.00000108
3.9699 0.00000106
3.9900 0.00000106
