2.000000000000000042e-02 1.036663905612592376e-02 1.000000000000000000e+00 0.000000000000000000e+00
4.000000000000000083e-02 1.028761976762280171e-02 1.000000000000000000e+00 0.000000000000000000e+00
5.999999999999999778e-02 1.013390501056064472e-02 9.924459389110913410e-01 7.554061088908659016e-03
7.999999999999998779e-02 1.043782216819985620e-02 9.156715056128865715e-01 8.432849438711342849e-02
1.000000000000000056e-01 9.643505035101735887e-03 8.948116937215606637e-01 1.051883062784393363e-01
1.199999999999999956e-01 7.467725453717187663e-03 9.725838685987528986e-01 2.741613140124710135e-02
1.400000000000000133e-01 5.682974478480383278e-03 1.000000000000000000e+00 0.000000000000000000e+00
1.600000000000000311e-01 4.063100249525382172e-03 1.000000000000000000e+00 0.000000000000000000e+00
1.799999999999999933e-01 2.617700480449771262e-03 1.000000000000000000e+00 0.000000000000000000e+00
2.000000000000000111e-01 1.501556939784312681e-03 1.000000000000000000e+00 0.000000000000000000e+00
2.200000000000000289e-01 7.123403080790336383e-04 1.000000000000000000e+00 0.000000000000000000e+00
2.399999999999999911e-01 6.265966931072560397e-04 5.133560352824400042e-01 4.866439647175599958e-01
2.600000000000000089e-01 1.385476402303361266e-03 1.773248680180060377e-01 8.226751319819939345e-01
2.800000000000000266e-01 6.069068302795473102e-04 5.174565023235034866e-01 4.825434976764965134e-01
3.000000000000000444e-01 4.774152774744828661e-04 8.877069716258035870e-01 1.122930283741964130e-01
3.200000000000000067e-01 3.962505848055729004e-04 1.000000000000000000e+00 0.000000000000000000e+00
3.400000000000000244e-01 3.385946208978100045e-04 1.000000000000000000e+00 0.000000000000000000e+00
3.599999999999999867e-01 3.019827536995469569e-04 1.000000000000000000e+00 0.000000000000000000e+00
3.800000000000000044e-01 2.145565222012273522e-04 1.000000000000000000e+00 0.000000000000000000e+00
4.000000000000000222e-01 1.346236684370530248e-04 1.000000000000000000e+00 0.000000000000000000e+00
4.200000000000000400e-01 1.225438800725263248e-04 9.898256395552196274e-01 1.017436044478037260e-02
4.400000000000000022e-01 1.585782694182832680e-04 8.190561105815324927e-01 1.809438894184675073e-01
4.600000000000000200e-01 1.800204539851596062e-04 7.538490189984088374e-01 2.461509810015911626e-01
4.799999999999999822e-01 1.833348365093578794e-04 7.101631145111022558e-01 2.898368854888977442e-01
5.000000000000000000e-01 1.477452275002579332e-04 8.169686395583363181e-01 1.830313604416636819e-01
5.200000000000000178e-01 1.072501847173578830e-04 1.000000000000000000e+00 0.000000000000000000e+00
5.400000000000000355e-01 9.319958952162627158e-05 1.000000000000000000e+00 0.000000000000000000e+00
5.600000000000000533e-01 9.754912003830278132e-05 1.000000000000000000e+00 0.000000000000000000e+00
5.800000000000000711e-01 8.358531013039009858e-05 8.376545017280245808e-01 1.623454982719754192e-01
5.999999999999999778e-01 8.584102394340329734e-05 6.868552893361494771e-01 3.131447106638505229e-01
6.199999999999999956e-01 1.351601249397535573e-04 6.971145639906510816e-01 3.028854360093489184e-01
6.400000000000000133e-01 2.266264191907372519e-04 8.129191599036410532e-01 1.870808400963589468e-01
6.600000000000000311e-01 3.362877024352309134e-04 9.159283334450238900e-01 8.407166655497610996e-02
6.800000000000000488e-01 5.104354753082457254e-04 8.908994412889383874e-01 1.091005587110616126e-01
7.000000000000000666e-01 5.647532230029990745e-04 8.469125536576125324e-01 1.530874463423874676e-01
7.199999999999999734e-01 6.393852459874131830e-04 7.848890976808423625e-01 2.151109023191576375e-01
7.399999999999999911e-01 7.111420479440525933e-04 7.388065785536360730e-01 2.611934214463639270e-01
7.600000000000000089e-01 7.942529997811723043e-04 6.911479565983142948e-01 3.088520434016857052e-01
7.800000000000000266e-01 8.637306592408145519e-04 6.628180280617891329e-01 3.371819719382108671e-01
8.000000000000000444e-01 9.158127602151572158e-04 6.508384603727735973e-01 3.491615396272264027e-01
8.200000000000000622e-01 1.217245939923957071e-03 6.427105127016923269e-01 3.572894872983076731e-01
8.400000000000000799e-01 1.368558004172692544e-03 6.538600368470579571e-01 3.461399631529420429e-01
8.599999999999999867e-01 1.334300074346901751e-03 6.656060792059151909e-01 3.343939207940848091e-01
8.800000000000000044e-01 1.367727638766316322e-03 6.678875412566449565e-01 3.321124587433550435e-01
9.000000000000000222e-01 1.408943865648615680e-03 6.558182617602706932e-01 3.441817382397293068e-01
9.200000000000000400e-01 1.441775053467371330e-03 6.507266370693389756e-01 3.492733629306610244e-01
9.400000000000000577e-01 1.420496115319624117e-03 6.550844803196075317e-01 3.449155196803924683e-01
9.599999999999999645e-01 1.357015004445612108e-03 6.664309533271520758e-01 3.335690466728479242e-01
9.799999999999999822e-01 1.322169283962654814e-03 6.764651883123274922e-01 3.235348116876725078e-01
1.000000000000000000e+00 1.290336956802052302e-03 6.940953531469861160e-01 3.059046468530138840e-01
1.020000000000000018e+00 1.203271187632151901e-03 7.266220643079875918e-01 2.733779356920124082e-01
1.040000000000000036e+00 1.107599530179535600e-03 7.519579139999394979e-01 2.480420860000605021e-01
1.060000000000000053e+00 1.020794977531948831e-03 7.801370445049450320e-01 2.198629554950549680e-01
1.080000000000000071e+00 9.779204210699700851e-04 7.915129229930506494e-01 2.084870770069493506e-01
1.100000000000000089e+00 9.409547977367573252e-04 7.987766493000929557e-01 2.012233506999070443e-01
1.120000000000000107e+00 9.153398826309274783e-04 7.972469710263013765e-01 2.027530289736986235e-01
1.140000000000000124e+00 8.991195757730909704e-04 8.026501103666777714e-01 1.973498896333222286e-01
1.160000000000000142e+00 8.817639668908119161e-04 8.156240959478399111e-01 1.843759040521600889e-01
1.179999999999999938e+00 8.646596452560546863e-04 8.234080857666945530e-01 1.765919142333054470e-01
1.199999999999999956e+00 8.464505081896822863e-04 8.228205959036418715e-01 1.771794040963581285e-01
1.219999999999999973e+00 8.213770069524679862e-04 8.291143591883072261e-01 1.708856408116927739e-01
1.239999999999999991e+00 7.793261212099794437e-04 8.525226842551247852e-01 1.474773157448752148e-01
1.260000000000000009e+00 7.401380241231816362e-04 8.751118926447448709e-01 1.248881073552551291e-01
1.280000000000000027e+00 7.105010664722815564e-04 8.887794116200249395e-01 1.112205883799750605e-01
1.300000000000000044e+00 6.991381127646157604e-04 8.845916305570320493e-01 1.154083694429679507e-01
1.320000000000000062e+00 6.912968967914091345e-04 8.856974645401772817e-01 1.143025354598227183e-01
1.340000000000000080e+00 6.776802040272352683e-04 8.915511751335712942e-01 1.084488248664287058e-01
1.360000000000000098e+00 6.478834484376337372e-04 9.148249189029987738e-01 8.517508109700122620e-02
1.380000000000000115e+00 6.171662272257499816e-04 9.322616805870518331e-01 6.773831941294816694e-02
1.400000000000000133e+00 5.912142063314167499e-04 9.484415744935381642e-01 5.155842550646183575e-02
1.419999999999999929e+00 5.720222110728480488e-04 9.584201284562848810e-01 4.157987154371511895e-02
1.439999999999999947e+00 5.626759171940782850e-04 9.497559601955822828e-01 5.024403980441771722e-02
1.459999999999999964e+00 5.434544054579206742e-04 9.544719505467861298e-01 4.552804945321387020e-02
1.479999999999999982e+00 5.203993653525195622e-04 9.632237401493709550e-01 3.677625985062904501e-02
1.500000000000000000e+00 4.952201046146311857e-04 9.795901540543331398e-01 2.040984594566686017e-02
1.520000000000000018e+00 4.675038603875739302e-04 1.000000000000000000e+00 0.000000000000000000e+00
1.540000000000000036e+00 4.502367398206781526e-04 1.000000000000000000e+00 0.000000000000000000e+00
1.560000000000000053e+00 4.311444336595017589e-04 1.000000000000000000e+00 0.000000000000000000e+00
1.580000000000000071e+00 4.208382334932360695e-04 9.848804840680239758e-01 1.511951593197602417e-02
1.600000000000000089e+00 4.120358753779849374e-04 9.912967700118883174e-01 8.703229988111682580e-03
