  11    1.479478   0.403311
  12    1.400000   0.416667
  13    1.327761   0.429597
  14    1.252402   0.443971
  15    1.176820   0.459386
  16    1.100000   0.476190
  17    1.027930   0.493114
  18    0.950713   0.512633
  19    0.876908   0.532791
  20    0.800000   0.555556
  21    0.725797   0.579443
  22    0.650446   0.605897
  23    0.575927   0.634547
  24    0.500000   0.666667
  25    0.450300   0.689512
  26    0.400000   0.714286
  27    0.350706   0.740354
  28    0.300000   0.769231
  29    0.250226   0.799855
  30    0.200000   0.833333
