7.000000000000000000e+00 1.663846530000000000e+08
8.000000000000000000e+00 1.472013370000000000e+08
9.000000000000000000e+00 2.139050820000000000e+08
1.000000000000000000e+01 1.022757700000000000e+08
1.100000000000000000e+01 1.752308010000000000e+08
1.200000000000000000e+01 1.847741900000000000e+08
1.300000000000000000e+01 1.436745370000000000e+08
1.400000000000000000e+01 1.745767390000000000e+08
1.500000000000000000e+01 1.671976940000000000e+08
1.600000000000000000e+01 1.593646950000000000e+08
1.700000000000000000e+01 4.224456800000000000e+07
1.800000000000000000e+01 1.427795070000000000e+08
1.900000000000000000e+01 1.296993100000000000e+08
2.000000000000000000e+01 1.031001480000000000e+08
2.100000000000000000e+01 1.509676670000000000e+08
2.200000000000000000e+01 1.365915690000000000e+08
2.300000000000000000e+01 1.580868800000000000e+08
2.400000000000000000e+01 1.203810530000000000e+08
