4.000000000000000000e+00 1.757648420000000000e+08
5.000000000000000000e+00 1.139659010000000000e+08
6.000000000000000000e+00 5.632191900000000000e+07
7.000000000000000000e+00 1.099869200000000000e+08
8.000000000000000000e+00 5.283241000000000000e+07
9.000000000000000000e+00 9.865682800000000000e+07
1.000000000000000000e+01 6.416262500000000000e+07
1.100000000000000000e+01 4.861896300000000000e+07
1.200000000000000000e+01 1.273450080000000000e+08
1.300000000000000000e+01 6.552559300000000000e+07
1.400000000000000000e+01 7.954419700000000000e+07
1.500000000000000000e+01 1.414972760000000000e+08
1.600000000000000000e+01 7.745024100000000000e+07
1.700000000000000000e+01 1.310502660000000000e+08
1.800000000000000000e+01 1.379283590000000000e+08
1.900000000000000000e+01 8.924681400000000000e+07
2.000000000000000000e+01 1.279585740000000000e+08
2.100000000000000000e+01 1.095673150000000000e+08
2.200000000000000000e+01 3.160685500000000000e+07
2.300000000000000000e+01 1.201870740000000000e+08
2.400000000000000000e+01 2.995772700000000000e+07
