1.100000000000000000e+01 7.993417000000000000e+06
1.200000000000000000e+01 6.165704000000000000e+06
1.300000000000000000e+01 1.489662500000000000e+07
1.400000000000000000e+01 8.250646000000000000e+06
1.500000000000000000e+01 9.428348000000000000e+06
1.600000000000000000e+01 8.985964000000000000e+06
1.700000000000000000e+01 6.173579000000000000e+06
1.800000000000000000e+01 1.209927800000000000e+07
1.900000000000000000e+01 1.082401900000000000e+07
2.000000000000000000e+01 1.853293100000000000e+07
2.100000000000000000e+01 1.204582100000000000e+07
2.200000000000000000e+01 6.521338000000000000e+06
2.300000000000000000e+01 1.207782500000000000e+07
2.400000000000000000e+01 8.307500000000000000e+06
2.500000000000000000e+01 3.773738680000000000e+08
2.600000000000000000e+01 9.393131000000000000e+06
2.700000000000000000e+01 1.222342000000000000e+07
2.800000000000000000e+01 3.694026710000000000e+08
2.900000000000000000e+01 2.121940400000000000e+07
3.000000000000000000e+01 1.315704500000000000e+07
