1.499999999999999944e-02 8.766549999999999690e-03
2.500000000000000139e-02 8.626049999999999690e-03
3.500000000000000333e-02 8.257719999999999644e-03
4.499999999999999833e-02 7.721399999999999791e-03
5.500000000000000028e-02 6.842329999999999766e-03
6.500000000000000222e-02 6.852439999999999573e-03
7.499999999999999722e-02 6.849809999999999580e-03
8.500000000000000611e-02 6.875860000000000131e-03
9.500000000000000111e-02 6.910849999999999632e-03
1.049999999999999961e-01 6.653710000000000180e-03
1.150000000000000050e-01 6.116420000000000017e-03
1.250000000000000000e-01 5.352359999999999583e-03
1.350000000000000089e-01 4.145270000000000378e-03
1.449999999999999900e-01 3.239389999999999978e-03
1.549999999999999989e-01 2.526200000000000147e-03
1.650000000000000078e-01 1.900970000000000090e-03
1.749999999999999889e-01 1.549589999999999995e-03
1.849999999999999978e-01 1.309519999999999998e-03
1.950000000000000067e-01 1.121049999999999955e-03
2.049999999999999878e-01 1.029500000000000033e-03
2.149999999999999967e-01 9.841999999999999620e-04
2.250000000000000056e-01 9.291800000000000450e-04
2.349999999999999867e-01 8.720400000000000330e-04
2.449999999999999956e-01 7.770299999999999516e-04
2.550000000000000044e-01 6.796900000000000467e-04
2.650000000000000133e-01 5.860000000000000408e-04
2.750000000000000222e-01 4.961399999999999491e-04
2.849999999999999756e-01 4.083399999999999834e-04
2.949999999999999845e-01 3.294700000000000016e-04
3.049999999999999933e-01 2.689100000000000257e-04
3.150000000000000022e-01 2.300899999999999875e-04
3.250000000000000111e-01 2.000399999999999889e-04
3.350000000000000200e-01 1.701999999999999900e-04
3.449999999999999734e-01 1.418400000000000108e-04
3.549999999999999822e-01 1.158199999999999990e-04
3.649999999999999911e-01 9.475999999999999398e-05
3.750000000000000000e-01 7.922999999999999867e-05
3.850000000000000089e-01 6.695000000000000105e-05
3.950000000000000178e-01 5.704000000000000276e-05
4.050000000000000266e-01 5.304000000000000040e-05
4.149999999999999800e-01 5.739999999999999931e-05
4.249999999999999889e-01 6.951999999999999846e-05
4.349999999999999978e-01 7.881999999999999413e-05
4.450000000000000067e-01 8.360999999999999400e-05
4.550000000000000155e-01 8.906000000000000450e-05
4.650000000000000244e-01 9.446999999999999506e-05
4.749999999999999778e-01 9.655999999999999707e-05
4.849999999999999867e-01 9.063999999999999954e-05
4.949999999999999956e-01 7.540000000000000315e-05
5.050000000000000044e-01 6.307000000000000431e-05
5.150000000000000133e-01 5.629999999999999968e-05
5.250000000000000222e-01 4.931000000000000053e-05
5.350000000000000311e-01 4.466000000000000270e-05
5.450000000000000400e-01 4.005999999999999931e-05
5.550000000000000488e-01 3.772999999999999959e-05
5.649999999999999467e-01 4.013999999999999854e-05
5.749999999999999556e-01 4.526999999999999855e-05
5.849999999999999645e-01 5.076000000000000190e-05
5.949999999999999734e-01 5.725000000000000244e-05
6.049999999999999822e-01 6.302000000000000310e-05
6.149999999999999911e-01 6.969000000000000531e-05
6.250000000000000000e-01 7.830000000000000588e-05
6.350000000000000089e-01 8.763999999999999438e-05
6.450000000000000178e-01 9.775000000000000431e-05
6.550000000000000266e-01 1.110700000000000055e-04
6.650000000000000355e-01 1.310700000000000038e-04
6.750000000000000444e-01 1.626300000000000065e-04
6.850000000000000533e-01 2.017400000000000031e-04
6.949999999999999512e-01 2.468200000000000255e-04
7.049999999999999600e-01 2.987900000000000039e-04
7.149999999999999689e-01 3.591700000000000188e-04
7.249999999999999778e-01 4.249300000000000126e-04
7.349999999999999867e-01 4.922000000000000377e-04
7.449999999999999956e-01 5.573299999999999782e-04
7.550000000000000044e-01 6.236800000000000460e-04
7.650000000000000133e-01 6.945200000000000115e-04
7.750000000000000222e-01 7.673899999999999558e-04
7.850000000000000311e-01 8.355399999999999590e-04
7.950000000000000400e-01 8.994100000000000098e-04
8.050000000000000488e-01 9.604000000000000340e-04
8.149999999999999467e-01 1.023529999999999926e-03
8.249999999999999556e-01 1.077660000000000033e-03
8.349999999999999645e-01 1.124510000000000006e-03
8.449999999999999734e-01 1.159740000000000033e-03
8.549999999999999822e-01 1.191350000000000091e-03
8.649999999999999911e-01 1.214449999999999948e-03
8.750000000000000000e-01 1.235839999999999985e-03
8.850000000000000089e-01 1.245629999999999958e-03
8.950000000000000178e-01 1.261399999999999978e-03
9.050000000000000266e-01 1.262859999999999981e-03
9.150000000000000355e-01 1.262260000000000075e-03
9.250000000000000444e-01 1.254549999999999893e-03
9.350000000000000533e-01 1.245510000000000020e-03
9.449999999999999512e-01 1.229360000000000088e-03
9.549999999999999600e-01 1.214000000000000018e-03
9.649999999999999689e-01 1.192380000000000046e-03
9.749999999999999778e-01 1.180330000000000051e-03
9.849999999999999867e-01 1.168949999999999980e-03
9.949999999999999956e-01 1.158249999999999991e-03
1.004999999999999893e+00 1.137350000000000080e-03
1.014999999999999902e+00 1.110789999999999954e-03
1.024999999999999911e+00 1.090030000000000079e-03
1.034999999999999920e+00 1.059870000000000083e-03
1.044999999999999929e+00 1.025579999999999894e-03
1.054999999999999938e+00 9.914100000000000776e-04
1.064999999999999947e+00 9.532100000000000165e-04
1.074999999999999956e+00 9.257199999999999934e-04
1.084999999999999964e+00 9.061800000000000280e-04
1.094999999999999973e+00 8.788399999999999814e-04
1.104999999999999982e+00 8.603000000000000404e-04
1.114999999999999991e+00 8.461700000000000384e-04
1.125000000000000000e+00 8.310999999999999811e-04
1.135000000000000009e+00 8.237299999999999484e-04
1.145000000000000018e+00 8.149999999999999693e-04
1.155000000000000027e+00 8.062100000000000212e-04
1.165000000000000036e+00 7.994700000000000417e-04
1.175000000000000044e+00 7.900700000000000301e-04
1.185000000000000053e+00 7.799099999999999783e-04
1.195000000000000062e+00 7.674700000000000228e-04
1.205000000000000071e+00 7.566800000000000262e-04
1.215000000000000080e+00 7.480100000000000160e-04
1.225000000000000089e+00 7.378800000000000029e-04
1.235000000000000098e+00 7.253900000000000192e-04
1.245000000000000107e+00 7.104900000000000364e-04
1.254999999999999893e+00 6.961899999999999599e-04
1.264999999999999902e+00 6.856699999999999861e-04
1.274999999999999911e+00 6.742599999999999852e-04
1.284999999999999920e+00 6.619500000000000167e-04
1.294999999999999929e+00 6.512900000000000069e-04
1.304999999999999938e+00 6.429299999999999989e-04
1.314999999999999947e+00 6.377699999999999602e-04
1.324999999999999956e+00 6.295400000000000475e-04
1.334999999999999964e+00 6.214400000000000132e-04
1.344999999999999973e+00 6.105999999999999883e-04
1.354999999999999982e+00 6.008699999999999848e-04
1.364999999999999991e+00 5.921299999999999567e-04
1.375000000000000000e+00 5.793600000000000095e-04
1.385000000000000009e+00 5.668999999999999560e-04
1.395000000000000018e+00 5.566100000000000258e-04
1.405000000000000027e+00 5.464699999999999636e-04
1.415000000000000036e+00 5.360299999999999484e-04
1.425000000000000044e+00 5.263899999999999526e-04
1.435000000000000053e+00 5.151199999999999876e-04
1.445000000000000062e+00 5.073900000000000328e-04
1.455000000000000071e+00 4.995899999999999517e-04
1.465000000000000080e+00 4.924499999999999624e-04
1.475000000000000089e+00 4.827100000000000184e-04
1.485000000000000098e+00 4.715799999999999810e-04
1.495000000000000107e+00 4.627000000000000253e-04
1.504999999999999893e+00 4.479899999999999985e-04
1.514999999999999902e+00 4.367700000000000076e-04
1.524999999999999911e+00 4.277099999999999826e-04
1.534999999999999920e+00 4.175900000000000185e-04
1.544999999999999929e+00 4.132100000000000096e-04
1.554999999999999938e+00 4.091899999999999769e-04
1.564999999999999947e+00 3.994299999999999891e-04
1.574999999999999956e+00 4.006300000000000182e-04
1.584999999999999964e+00 4.008700000000000024e-04
1.594999999999999973e+00 3.980200000000000144e-04
1.645000000000000018e+00 3.230800000000000035e-04
1.745000000000000107e+00 2.460599999999999853e-04
1.844999999999999973e+00 1.690499999999999891e-04
1.945000000000000062e+00 9.204000000000000647e-05
2.044999999999999929e+00 1.503000000000000009e-05
