1.499999999999999944e-02 1.000000000000000000e+00
2.500000000000000139e-02 1.000000000000000000e+00
3.500000000000000333e-02 1.000000000000000000e+00
4.499999999999999833e-02 1.000000000000000000e+00
5.500000000000000028e-02 1.000000000000000000e+00
6.500000000000000222e-02 1.000000000000000000e+00
7.499999999999999722e-02 1.000000000000000000e+00
8.500000000000000611e-02 1.000000000000000000e+00
9.500000000000000111e-02 1.000000000000000000e+00
1.049999999999999961e-01 1.000000000000000000e+00
1.150000000000000050e-01 1.000000000000000000e+00
1.250000000000000000e-01 1.000000000000000000e+00
1.350000000000000089e-01 9.949999999999999956e-01
1.449999999999999900e-01 9.798000000000000043e-01
1.549999999999999989e-01 9.589999999999999636e-01
1.650000000000000078e-01 9.366999999999999771e-01
1.749999999999999889e-01 9.194999999999999840e-01
1.849999999999999978e-01 9.137999999999999456e-01
1.950000000000000067e-01 9.013999999999999790e-01
2.049999999999999878e-01 8.691999999999999726e-01
2.149999999999999967e-01 8.249999999999999556e-01
2.250000000000000056e-01 7.669000000000000261e-01
2.349999999999999867e-01 7.178999999999999826e-01
2.449999999999999956e-01 6.988999999999999657e-01
2.550000000000000044e-01 6.905999999999999917e-01
2.650000000000000133e-01 6.983000000000000318e-01
2.750000000000000222e-01 7.355000000000000426e-01
2.849999999999999756e-01 7.949000000000000510e-01
2.949999999999999845e-01 8.738000000000000211e-01
3.049999999999999933e-01 9.451000000000000512e-01
3.150000000000000022e-01 9.810999999999999721e-01
3.250000000000000111e-01 9.947000000000000286e-01
3.350000000000000200e-01 9.988000000000000211e-01
3.449999999999999734e-01 9.981999999999999762e-01
3.549999999999999822e-01 9.952999999999999625e-01
3.649999999999999911e-01 9.872999999999999554e-01
3.750000000000000000e-01 9.755000000000000338e-01
3.850000000000000089e-01 9.607999999999999874e-01
3.950000000000000178e-01 9.481000000000000538e-01
4.050000000000000266e-01 9.419999999999999485e-01
4.149999999999999800e-01 9.398999999999999577e-01
4.249999999999999889e-01 9.419999999999999485e-01
4.349999999999999978e-01 9.496999999999999886e-01
4.450000000000000067e-01 9.608999999999999764e-01
4.550000000000000155e-01 9.750999999999999668e-01
4.650000000000000244e-01 9.879000000000000004e-01
4.749999999999999778e-01 9.947000000000000286e-01
4.849999999999999867e-01 9.972999999999999643e-01
4.949999999999999956e-01 9.981999999999999762e-01
5.050000000000000044e-01 9.983999999999999542e-01
5.150000000000000133e-01 9.949999999999999956e-01
5.250000000000000222e-01 9.834000000000000519e-01
5.350000000000000311e-01 9.668999999999999817e-01
5.450000000000000400e-01 9.495000000000000107e-01
5.550000000000000488e-01 9.308999999999999497e-01
5.649999999999999467e-01 9.109000000000000430e-01
5.749999999999999556e-01 8.889000000000000234e-01
5.849999999999999645e-01 8.682999999999999607e-01
5.949999999999999734e-01 8.549999999999999822e-01
6.049999999999999822e-01 8.467999999999999972e-01
6.149999999999999911e-01 8.396000000000000130e-01
6.250000000000000000e-01 8.330999999999999517e-01
6.350000000000000089e-01 8.259999999999999565e-01
6.450000000000000178e-01 8.169999999999999485e-01
6.550000000000000266e-01 8.083000000000000185e-01
6.650000000000000355e-01 7.999000000000000554e-01
6.750000000000000444e-01 7.899000000000000465e-01
6.850000000000000533e-01 7.783999999999999808e-01
6.949999999999999512e-01 7.653999999999999693e-01
7.049999999999999600e-01 7.520000000000000018e-01
7.149999999999999689e-01 7.409999999999999920e-01
7.249999999999999778e-01 7.318000000000000060e-01
7.349999999999999867e-01 7.226000000000000201e-01
7.449999999999999956e-01 7.135000000000000231e-01
7.550000000000000044e-01 7.046999999999999931e-01
7.650000000000000133e-01 6.965999999999999970e-01
7.750000000000000222e-01 6.902000000000000357e-01
7.850000000000000311e-01 6.850000000000000533e-01
7.950000000000000400e-01 6.798999999999999488e-01
8.050000000000000488e-01 6.752000000000000224e-01
8.149999999999999467e-01 6.709000000000000519e-01
8.249999999999999556e-01 6.673000000000000043e-01
8.349999999999999645e-01 6.646999999999999575e-01
8.449999999999999734e-01 6.623999999999999888e-01
8.549999999999999822e-01 6.601000000000000201e-01
8.649999999999999911e-01 6.578000000000000513e-01
8.750000000000000000e-01 6.560000000000000275e-01
8.850000000000000089e-01 6.552000000000000046e-01
8.950000000000000178e-01 6.552999999999999936e-01
9.050000000000000266e-01 6.563999999999999835e-01
9.150000000000000355e-01 6.584999999999999742e-01
9.250000000000000444e-01 6.616999999999999549e-01
9.350000000000000533e-01 6.659000000000000474e-01
9.449999999999999512e-01 6.706999999999999629e-01
9.549999999999999600e-01 6.758999999999999453e-01
9.649999999999999689e-01 6.814000000000000057e-01
9.749999999999999778e-01 6.870000000000000551e-01
9.849999999999999867e-01 6.927999999999999714e-01
9.949999999999999956e-01 6.988999999999999657e-01
1.004999999999999893e+00 7.056999999999999940e-01
1.014999999999999902e+00 7.130999999999999561e-01
1.024999999999999911e+00 7.208999999999999853e-01
1.034999999999999920e+00 7.289999999999999813e-01
1.044999999999999929e+00 7.374000000000000554e-01
1.054999999999999938e+00 7.466000000000000414e-01
1.064999999999999947e+00 7.570000000000000062e-01
1.074999999999999956e+00 7.671999999999999931e-01
1.084999999999999964e+00 7.764999999999999680e-01
1.094999999999999973e+00 7.843999999999999861e-01
1.104999999999999982e+00 7.906999999999999584e-01
1.114999999999999991e+00 7.963999999999999968e-01
1.125000000000000000e+00 8.018999999999999462e-01
1.135000000000000009e+00 8.064000000000000057e-01
1.145000000000000018e+00 8.105999999999999872e-01
1.155000000000000027e+00 8.153000000000000247e-01
1.165000000000000036e+00 8.206999999999999851e-01
1.175000000000000044e+00 8.268999999999999684e-01
1.185000000000000053e+00 8.326999999999999957e-01
1.195000000000000062e+00 8.372000000000000552e-01
1.205000000000000071e+00 8.404000000000000359e-01
1.215000000000000080e+00 8.433000000000000496e-01
1.225000000000000089e+00 8.466000000000000192e-01
1.235000000000000098e+00 8.505000000000000338e-01
1.245000000000000107e+00 8.549999999999999822e-01
1.254999999999999893e+00 8.596000000000000307e-01
1.264999999999999902e+00 8.639000000000000012e-01
1.274999999999999911e+00 8.685000000000000497e-01
1.284999999999999920e+00 8.731999999999999762e-01
1.294999999999999929e+00 8.777000000000000357e-01
1.304999999999999938e+00 8.826000000000000512e-01
1.314999999999999947e+00 8.874999999999999556e-01
1.324999999999999956e+00 8.931999999999999940e-01
1.334999999999999964e+00 8.999000000000000332e-01
1.344999999999999973e+00 9.068000000000000504e-01
1.354999999999999982e+00 9.134999999999999787e-01
1.364999999999999991e+00 9.196999999999999620e-01
1.375000000000000000e+00 9.255999999999999783e-01
1.385000000000000009e+00 9.318999999999999506e-01
1.395000000000000018e+00 9.386999999999999789e-01
1.405000000000000027e+00 9.461000000000000520e-01
1.415000000000000036e+00 9.535000000000000142e-01
1.425000000000000044e+00 9.598999999999999755e-01
1.435000000000000053e+00 9.655000000000000249e-01
1.445000000000000062e+00 9.703000000000000513e-01
1.455000000000000071e+00 9.741999999999999549e-01
1.465000000000000080e+00 9.777000000000000135e-01
1.475000000000000089e+00 9.805000000000000382e-01
1.485000000000000098e+00 9.825000000000000400e-01
1.495000000000000107e+00 9.847000000000000197e-01
1.504999999999999893e+00 9.868000000000000105e-01
1.514999999999999902e+00 9.880999999999999783e-01
1.524999999999999911e+00 9.877000000000000224e-01
1.534999999999999920e+00 9.860999999999999766e-01
1.544999999999999929e+00 9.847000000000000197e-01
1.554999999999999938e+00 9.846000000000000307e-01
1.564999999999999947e+00 9.856000000000000316e-01
1.574999999999999956e+00 9.878000000000000114e-01
1.584999999999999964e+00 9.913999999999999480e-01
1.594999999999999973e+00 9.966000000000000414e-01
1.645000000000000018e+00 1.000000000000000000e+00
1.745000000000000107e+00 1.000000000000000000e+00
1.844999999999999973e+00 1.000000000000000000e+00
1.945000000000000062e+00 1.000000000000000000e+00
2.044999999999999929e+00 1.000000000000000000e+00
