1.499999999999999944e-02 4.937119999999999703e-03
2.500000000000000139e-02 5.093720000000000366e-03
3.500000000000000333e-02 5.037749999999999694e-03
4.499999999999999833e-02 5.098749999999999984e-03
5.500000000000000028e-02 4.753440000000000269e-03
6.500000000000000222e-02 4.974010000000000063e-03
7.499999999999999722e-02 4.975259999999999579e-03
8.500000000000000611e-02 5.207800000000000276e-03
9.500000000000000111e-02 5.197519999999999744e-03
1.049999999999999961e-01 4.973359999999999587e-03
1.150000000000000050e-01 4.530829999999999580e-03
1.250000000000000000e-01 3.912109999999999893e-03
1.350000000000000089e-01 3.199040000000000217e-03
1.449999999999999900e-01 2.667730000000000101e-03
1.549999999999999989e-01 2.203650000000000140e-03
1.650000000000000078e-01 1.805050000000000101e-03
1.749999999999999889e-01 1.526049999999999933e-03
1.849999999999999978e-01 1.328820000000000088e-03
1.950000000000000067e-01 1.182799999999999910e-03
2.049999999999999878e-01 1.117630000000000099e-03
2.149999999999999967e-01 1.105789999999999941e-03
2.250000000000000056e-01 1.070449999999999917e-03
2.349999999999999867e-01 1.025169999999999944e-03
2.449999999999999956e-01 9.399900000000000313e-04
2.550000000000000044e-01 8.573399999999999467e-04
2.650000000000000133e-01 7.631200000000000526e-04
2.750000000000000222e-01 6.726599999999999463e-04
2.849999999999999756e-01 5.722499999999999505e-04
2.949999999999999845e-01 4.823399999999999931e-04
3.049999999999999933e-01 4.063100000000000045e-04
3.150000000000000022e-01 3.557400000000000059e-04
3.250000000000000111e-01 3.190800000000000147e-04
3.350000000000000200e-01 2.857800000000000184e-04
3.449999999999999734e-01 2.544700000000000217e-04
3.549999999999999822e-01 2.210099999999999999e-04
3.649999999999999911e-01 1.946200000000000035e-04
3.750000000000000000e-01 1.721299999999999935e-04
3.850000000000000089e-01 1.520899999999999889e-04
3.950000000000000178e-01 1.433499999999999878e-04
4.050000000000000266e-01 1.413399999999999986e-04
4.149999999999999800e-01 1.455600000000000090e-04
4.249999999999999889e-01 1.553000000000000073e-04
4.349999999999999978e-01 1.607900000000000106e-04
4.450000000000000067e-01 1.652900000000000116e-04
4.550000000000000155e-01 1.649999999999999991e-04
4.650000000000000244e-01 1.592800000000000064e-04
4.749999999999999778e-01 1.551699999999999933e-04
4.849999999999999867e-01 1.439799999999999869e-04
4.949999999999999956e-01 1.268599999999999882e-04
5.050000000000000044e-01 1.137200000000000022e-04
5.150000000000000133e-01 1.017999999999999943e-04
5.250000000000000222e-01 9.619999999999999374e-05
5.350000000000000311e-01 9.252999999999999669e-05
5.450000000000000400e-01 8.645000000000000069e-05
5.550000000000000488e-01 8.513000000000000656e-05
5.649999999999999467e-01 9.076000000000000517e-05
5.749999999999999556e-01 1.026799999999999995e-04
5.849999999999999645e-01 1.173999999999999941e-04
5.949999999999999734e-01 1.310399999999999922e-04
6.049999999999999822e-01 1.447400000000000000e-04
6.149999999999999911e-01 1.619500000000000063e-04
6.250000000000000000e-01 1.811299999999999954e-04
6.350000000000000089e-01 2.032799999999999917e-04
6.450000000000000178e-01 2.240400000000000030e-04
6.550000000000000266e-01 2.464999999999999743e-04
6.650000000000000355e-01 2.751699999999999828e-04
6.750000000000000444e-01 3.186700000000000101e-04
6.850000000000000533e-01 3.714400000000000080e-04
6.949999999999999512e-01 4.287399999999999913e-04
7.049999999999999600e-01 4.962000000000000265e-04
7.149999999999999689e-01 5.663299999999999801e-04
7.249999999999999778e-01 6.449000000000000088e-04
7.349999999999999867e-01 7.273899999999999593e-04
7.449999999999999956e-01 8.042000000000000320e-04
7.550000000000000044e-01 8.734100000000000284e-04
7.650000000000000133e-01 9.427899999999999909e-04
7.750000000000000222e-01 1.013779999999999933e-03
7.850000000000000311e-01 1.080859999999999894e-03
7.950000000000000400e-01 1.132640000000000079e-03
8.050000000000000488e-01 1.170079999999999992e-03
8.149999999999999467e-01 1.215240000000000027e-03
8.249999999999999556e-01 1.247810000000000022e-03
8.349999999999999645e-01 1.282099999999999993e-03
8.449999999999999734e-01 1.294849999999999951e-03
8.549999999999999822e-01 1.307659999999999986e-03
8.649999999999999911e-01 1.331399999999999945e-03
8.750000000000000000e-01 1.363300000000000015e-03
8.850000000000000089e-01 1.372900000000000032e-03
8.950000000000000178e-01 1.387589999999999961e-03
9.050000000000000266e-01 1.389009999999999984e-03
9.150000000000000355e-01 1.389009999999999984e-03
9.250000000000000444e-01 1.389800000000000063e-03
9.350000000000000533e-01 1.371749999999999923e-03
9.449999999999999512e-01 1.351999999999999903e-03
9.549999999999999600e-01 1.324019999999999971e-03
9.649999999999999689e-01 1.294379999999999923e-03
9.749999999999999778e-01 1.259279999999999991e-03
9.849999999999999867e-01 1.225029999999999999e-03
9.949999999999999956e-01 1.187279999999999976e-03
1.004999999999999893e+00 1.151890000000000032e-03
1.014999999999999902e+00 1.100389999999999919e-03
1.024999999999999911e+00 1.070189999999999943e-03
1.034999999999999920e+00 1.037289999999999957e-03
1.044999999999999929e+00 1.006640000000000052e-03
1.054999999999999938e+00 9.763600000000000100e-04
1.064999999999999947e+00 9.461100000000000065e-04
1.074999999999999956e+00 9.224699999999999957e-04
1.084999999999999964e+00 9.013200000000000508e-04
1.094999999999999973e+00 8.734800000000000463e-04
1.104999999999999982e+00 8.569899999999999653e-04
1.114999999999999991e+00 8.394200000000000099e-04
1.125000000000000000e+00 8.248300000000000293e-04
1.135000000000000009e+00 8.117600000000000206e-04
1.145000000000000018e+00 7.964099999999999999e-04
1.155000000000000027e+00 7.886199999999999677e-04
1.165000000000000036e+00 7.760799999999999556e-04
1.175000000000000044e+00 7.602499999999999666e-04
1.185000000000000053e+00 7.440899999999999858e-04
1.195000000000000062e+00 7.300699999999999811e-04
1.205000000000000071e+00 7.190299999999999513e-04
1.215000000000000080e+00 7.055199999999999536e-04
1.225000000000000089e+00 6.939599999999999762e-04
1.235000000000000098e+00 6.843100000000000398e-04
1.245000000000000107e+00 6.710299999999999772e-04
1.254999999999999893e+00 6.639400000000000163e-04
1.264999999999999902e+00 6.579199999999999892e-04
1.274999999999999911e+00 6.426300000000000458e-04
1.284999999999999920e+00 6.295100000000000088e-04
1.294999999999999929e+00 6.154900000000000041e-04
1.304999999999999938e+00 6.076500000000000521e-04
1.314999999999999947e+00 5.981200000000000535e-04
1.324999999999999956e+00 5.822600000000000258e-04
1.334999999999999964e+00 5.710199999999999911e-04
1.344999999999999973e+00 5.603700000000000304e-04
1.354999999999999982e+00 5.528599999999999617e-04
1.364999999999999991e+00 5.444900000000000130e-04
1.375000000000000000e+00 5.334699999999999729e-04
1.385000000000000009e+00 5.201200000000000007e-04
1.395000000000000018e+00 5.130300000000000398e-04
1.405000000000000027e+00 5.000700000000000284e-04
1.415000000000000036e+00 4.882500000000000230e-04
1.425000000000000044e+00 4.760400000000000026e-04
1.435000000000000053e+00 4.629999999999999784e-04
1.445000000000000062e+00 4.491699999999999838e-04
1.455000000000000071e+00 4.398499999999999849e-04
1.465000000000000080e+00 4.281500000000000258e-04
1.475000000000000089e+00 4.170399999999999780e-04
1.485000000000000098e+00 4.081099999999999940e-04
1.495000000000000107e+00 4.017199999999999959e-04
1.504999999999999893e+00 3.923199999999999843e-04
1.514999999999999902e+00 3.816800000000000184e-04
1.524999999999999911e+00 3.718700000000000022e-04
1.534999999999999920e+00 3.656700000000000141e-04
1.544999999999999929e+00 3.610600000000000159e-04
1.554999999999999938e+00 3.558799999999999876e-04
1.564999999999999947e+00 3.457900000000000080e-04
1.574999999999999956e+00 3.451999999999999882e-04
1.584999999999999964e+00 3.466200000000000119e-04
1.594999999999999973e+00 3.462399999999999918e-04
1.645000000000000018e+00 2.927200000000000028e-04
1.745000000000000107e+00 2.195599999999999917e-04
1.844999999999999973e+00 1.464100000000000026e-04
1.945000000000000062e+00 7.325000000000000510e-05
2.044999999999999929e+00 9.999999999999999547e-08
