2.000000000000000042e-02 1.141253677050469567e-02
4.000000000000000083e-02 1.104705447450532452e-02
5.999999999999999778e-02 1.030719812251752569e-02
7.999999999999998779e-02 9.415951182216893145e-03
1.000000000000000056e-01 8.414312945297946003e-03
1.199999999999999956e-01 7.438626707161281187e-03
1.400000000000000133e-01 5.976394176966438355e-03
1.600000000000000311e-01 4.379727125726350263e-03
1.799999999999999933e-01 3.571071971337539362e-03
2.000000000000000111e-01 2.350872812048523421e-03
2.200000000000000289e-01 1.168867265668516132e-03
2.399999999999999911e-01 6.519746461313321835e-04
2.600000000000000089e-01 4.355829557350817923e-04
2.800000000000000266e-01 4.836113169555340862e-04
3.000000000000000444e-01 5.086084173486645453e-04
3.200000000000000067e-01 4.034205514263923781e-04
3.400000000000000244e-01 3.375555634794025314e-04
3.599999999999999867e-01 2.613997073878307617e-04
3.800000000000000044e-01 2.109808164485265595e-04
4.000000000000000222e-01 1.729509374181549303e-04
4.200000000000000400e-01 1.623685068395517748e-04
4.400000000000000022e-01 1.405300517648061032e-04
4.600000000000000200e-01 1.324586836474104222e-04
4.799999999999999822e-01 1.274150490734182067e-04
5.000000000000000000e-01 1.230150894127726778e-04
5.200000000000000178e-01 1.231288466639495253e-04
5.400000000000000355e-01 1.139792871791228901e-04
5.600000000000000533e-01 1.107295768745203104e-04
5.800000000000000711e-01 9.803562281516473584e-05
5.999999999999999778e-01 1.067175672128100342e-04
6.199999999999999956e-01 1.403761877313650932e-04
6.400000000000000133e-01 2.032801550165913790e-04
6.600000000000000311e-01 3.010537389970133421e-04
6.800000000000000488e-01 4.309421216825818930e-04
7.000000000000000666e-01 5.850740361424504581e-04
7.199999999999999734e-01 7.615237552725007434e-04
7.399999999999999911e-01 9.752984260284884056e-04
7.600000000000000089e-01 1.180122047941413671e-03
7.800000000000000266e-01 1.384249057279117153e-03
8.000000000000000444e-01 1.582599328807535958e-03
8.200000000000000622e-01 1.734185595067167266e-03
8.400000000000000799e-01 1.867269239494843839e-03
8.599999999999999867e-01 1.969868250415196444e-03
8.800000000000000044e-01 2.041387047708169856e-03
9.000000000000000222e-01 2.066088464894400099e-03
9.200000000000000400e-01 2.047143623842897445e-03
9.400000000000000577e-01 2.004220807853407133e-03
9.599999999999999645e-01 1.944418394319417671e-03
9.799999999999999822e-01 1.859912570605152344e-03
1.000000000000000000e+00 1.765057387359937960e-03
1.020000000000000018e+00 1.672202237376661750e-03
1.040000000000000036e+00 1.557710562628369369e-03
1.060000000000000053e+00 1.459068541290502652e-03
1.080000000000000071e+00 1.368379922213883030e-03
1.100000000000000089e+00 1.291848297560023668e-03
1.120000000000000107e+00 1.252371386331488671e-03
1.140000000000000124e+00 1.230886460922033226e-03
1.160000000000000142e+00 1.193340334104742119e-03
1.179999999999999938e+00 1.153789078585301577e-03
1.199999999999999956e+00 1.114992952893473742e-03
1.219999999999999973e+00 1.083853699604174579e-03
1.239999999999999991e+00 1.059951257653120793e-03
1.260000000000000009e+00 1.021562993682639158e-03
1.280000000000000027e+00 9.807807492634825278e-04
1.300000000000000044e+00 9.456902032159086261e-04
1.320000000000000062e+00 9.095713957944834196e-04
1.340000000000000080e+00 8.715674718988291074e-04
1.360000000000000098e+00 8.479176100734648431e-04
1.380000000000000115e+00 8.264002591046456462e-04
1.400000000000000133e+00 7.979758002676462340e-04
1.419999999999999929e+00 7.568849367311783960e-04
1.439999999999999947e+00 7.088462183126950254e-04
1.459999999999999964e+00 6.718593854979743821e-04
1.479999999999999982e+00 6.291288017325741668e-04
1.500000000000000000e+00 5.850799978231756076e-04
1.520000000000000018e+00 5.546388238951186715e-04
1.540000000000000036e+00 5.168266108658941789e-04
1.560000000000000053e+00 4.915729309921945938e-04
1.580000000000000071e+00 4.656628205893024964e-04
1.600000000000000089e+00 4.551482958082021519e-04
