1.499999999999999944e-02 5.414340000000000125e-03
2.500000000000000139e-02 5.586080000000000212e-03
3.500000000000000333e-02 5.524689999999999636e-03
4.499999999999999833e-02 5.591600000000000389e-03
5.500000000000000028e-02 5.212900000000000346e-03
6.500000000000000222e-02 5.454800000000000100e-03
7.499999999999999722e-02 5.456159999999999830e-03
8.500000000000000611e-02 5.711179999999999729e-03
9.500000000000000111e-02 5.699909999999999873e-03
1.049999999999999961e-01 5.454089999999999980e-03
1.150000000000000050e-01 4.968779999999999898e-03
1.250000000000000000e-01 4.290249999999999793e-03
1.350000000000000089e-01 3.508260000000000024e-03
1.449999999999999900e-01 2.925590000000000048e-03
1.549999999999999989e-01 2.416649999999999788e-03
1.650000000000000078e-01 1.979519999999999804e-03
1.749999999999999889e-01 1.673559999999999935e-03
1.849999999999999978e-01 1.457259999999999936e-03
1.950000000000000067e-01 1.297130000000000071e-03
2.049999999999999878e-01 1.225659999999999944e-03
2.149999999999999967e-01 1.212680000000000051e-03
2.250000000000000056e-01 1.173919999999999955e-03
2.349999999999999867e-01 1.124259999999999973e-03
2.449999999999999956e-01 1.030850000000000039e-03
2.550000000000000044e-01 9.402100000000000258e-04
2.650000000000000133e-01 8.368899999999999647e-04
2.750000000000000222e-01 7.376799999999999980e-04
2.849999999999999756e-01 6.275700000000000375e-04
2.949999999999999845e-01 5.289599999999999771e-04
3.049999999999999933e-01 4.455799999999999995e-04
3.150000000000000022e-01 3.901199999999999850e-04
3.250000000000000111e-01 3.499199999999999837e-04
3.350000000000000200e-01 3.133999999999999742e-04
3.449999999999999734e-01 2.790599999999999743e-04
3.549999999999999822e-01 2.423699999999999986e-04
3.649999999999999911e-01 2.134299999999999945e-04
3.750000000000000000e-01 1.887699999999999968e-04
3.850000000000000089e-01 1.667899999999999938e-04
3.950000000000000178e-01 1.571999999999999992e-04
4.050000000000000266e-01 1.550099999999999948e-04
4.149999999999999800e-01 1.596299999999999878e-04
4.249999999999999889e-01 1.703099999999999872e-04
4.349999999999999978e-01 1.763299999999999872e-04
4.450000000000000067e-01 1.812600000000000094e-04
4.550000000000000155e-01 1.809500000000000073e-04
4.650000000000000244e-01 1.746800000000000013e-04
4.749999999999999778e-01 1.701700000000000055e-04
4.849999999999999867e-01 1.578899999999999943e-04
4.949999999999999956e-01 1.391300000000000045e-04
5.050000000000000044e-01 1.247200000000000121e-04
5.150000000000000133e-01 1.116399999999999950e-04
5.250000000000000222e-01 1.055000000000000030e-04
5.350000000000000311e-01 1.014799999999999974e-04
5.450000000000000400e-01 9.480000000000000037e-05
5.550000000000000488e-01 9.336000000000000060e-05
5.649999999999999467e-01 9.953999999999999903e-05
5.749999999999999556e-01 1.126099999999999942e-04
5.849999999999999645e-01 1.287500000000000124e-04
5.949999999999999734e-01 1.437099999999999912e-04
6.049999999999999822e-01 1.587299999999999931e-04
6.149999999999999911e-01 1.776000000000000072e-04
6.250000000000000000e-01 1.986400000000000091e-04
6.350000000000000089e-01 2.229300000000000086e-04
6.450000000000000178e-01 2.457000000000000091e-04
6.550000000000000266e-01 2.703200000000000004e-04
6.650000000000000355e-01 3.017599999999999840e-04
6.750000000000000444e-01 3.494699999999999998e-04
6.850000000000000533e-01 4.073500000000000081e-04
6.949999999999999512e-01 4.701899999999999960e-04
7.049999999999999600e-01 5.441600000000000213e-04
7.149999999999999689e-01 6.210700000000000422e-04
7.249999999999999778e-01 7.072299999999999897e-04
7.349999999999999867e-01 7.977000000000000366e-04
7.449999999999999956e-01 8.819400000000000026e-04
7.550000000000000044e-01 9.578300000000000095e-04
7.650000000000000133e-01 1.033920000000000021e-03
7.750000000000000222e-01 1.111769999999999989e-03
7.850000000000000311e-01 1.185330000000000064e-03
7.950000000000000400e-01 1.242119999999999986e-03
8.050000000000000488e-01 1.283180000000000084e-03
8.149999999999999467e-01 1.332700000000000030e-03
8.249999999999999556e-01 1.368419999999999966e-03
8.349999999999999645e-01 1.406029999999999953e-03
8.449999999999999734e-01 1.420009999999999979e-03
8.549999999999999822e-01 1.434060000000000022e-03
8.649999999999999911e-01 1.460090000000000042e-03
8.750000000000000000e-01 1.495079999999999977e-03
8.850000000000000089e-01 1.505599999999999951e-03
8.950000000000000178e-01 1.521709999999999903e-03
9.050000000000000266e-01 1.523279999999999903e-03
9.150000000000000355e-01 1.523269999999999963e-03
9.250000000000000444e-01 1.524130000000000059e-03
9.350000000000000533e-01 1.504350000000000001e-03
9.449999999999999512e-01 1.482690000000000050e-03
9.549999999999999600e-01 1.451999999999999949e-03
9.649999999999999689e-01 1.419499999999999972e-03
9.749999999999999778e-01 1.381010000000000007e-03
9.849999999999999867e-01 1.343449999999999939e-03
9.949999999999999956e-01 1.302049999999999909e-03
1.004999999999999893e+00 1.263229999999999952e-03
1.014999999999999902e+00 1.206749999999999923e-03
1.024999999999999911e+00 1.173640000000000100e-03
1.034999999999999920e+00 1.137549999999999976e-03
1.044999999999999929e+00 1.103950000000000027e-03
1.054999999999999938e+00 1.070729999999999989e-03
1.064999999999999947e+00 1.037560000000000088e-03
1.074999999999999956e+00 1.011629999999999908e-03
1.084999999999999964e+00 9.884500000000000924e-04
1.094999999999999973e+00 9.579099999999999681e-04
1.104999999999999982e+00 9.398199999999999566e-04
1.114999999999999991e+00 9.205599999999999547e-04
1.125000000000000000e+00 9.045499999999999504e-04
1.135000000000000009e+00 8.902200000000000521e-04
1.145000000000000018e+00 8.733900000000000387e-04
1.155000000000000027e+00 8.648500000000000154e-04
1.165000000000000036e+00 8.511000000000000336e-04
1.175000000000000044e+00 8.337299999999999746e-04
1.185000000000000053e+00 8.160199999999999832e-04
1.195000000000000062e+00 8.006400000000000322e-04
1.205000000000000071e+00 7.885299999999999601e-04
1.215000000000000080e+00 7.737199999999999850e-04
1.225000000000000089e+00 7.610400000000000454e-04
1.235000000000000098e+00 7.504500000000000537e-04
1.245000000000000107e+00 7.359000000000000524e-04
1.254999999999999893e+00 7.281199999999999608e-04
1.264999999999999902e+00 7.215200000000000172e-04
1.274999999999999911e+00 7.047499999999999728e-04
1.284999999999999920e+00 6.903599999999999971e-04
1.294999999999999929e+00 6.749800000000000461e-04
1.304999999999999938e+00 6.663899999999999945e-04
1.314999999999999947e+00 6.559299999999999896e-04
1.324999999999999956e+00 6.385400000000000494e-04
1.334999999999999964e+00 6.262200000000000318e-04
1.344999999999999973e+00 6.145400000000000081e-04
1.354999999999999982e+00 6.063000000000000464e-04
1.364999999999999991e+00 5.971200000000000292e-04
1.375000000000000000e+00 5.850399999999999958e-04
1.385000000000000009e+00 5.703999999999999869e-04
1.395000000000000018e+00 5.626200000000000038e-04
1.405000000000000027e+00 5.483999999999999942e-04
1.415000000000000036e+00 5.354399999999999828e-04
1.425000000000000044e+00 5.220599999999999720e-04
1.435000000000000053e+00 5.077600000000000039e-04
1.445000000000000062e+00 4.925799999999999493e-04
1.455000000000000071e+00 4.823599999999999828e-04
1.465000000000000080e+00 4.695300000000000125e-04
1.475000000000000089e+00 4.573499999999999766e-04
1.485000000000000098e+00 4.475600000000000043e-04
1.495000000000000107e+00 4.405500000000000019e-04
1.504999999999999893e+00 4.302399999999999736e-04
1.514999999999999902e+00 4.185699999999999989e-04
1.524999999999999911e+00 4.078099999999999867e-04
1.534999999999999920e+00 4.010099999999999841e-04
1.544999999999999929e+00 3.959599999999999969e-04
1.554999999999999938e+00 3.902800000000000106e-04
1.564999999999999947e+00 3.792099999999999963e-04
1.574999999999999956e+00 3.785700000000000024e-04
1.584999999999999964e+00 3.801200000000000130e-04
1.594999999999999973e+00 3.797100000000000085e-04
1.604999999999999982e+00 3.793000000000000039e-04
1.614999999999999991e+00 3.788899999999999994e-04
