2.000000000000000042e-02 1.036663905612592376e-02
4.000000000000000083e-02 1.028761976762280171e-02
5.999999999999999778e-02 1.013390501056064472e-02
7.999999999999998779e-02 1.043782216819985620e-02
1.000000000000000056e-01 9.643505035101735887e-03
1.199999999999999956e-01 7.467725453717187663e-03
1.400000000000000133e-01 5.682974478480383278e-03
1.600000000000000311e-01 4.063100249525382172e-03
1.799999999999999933e-01 2.617700480449771262e-03
2.000000000000000111e-01 1.501556939784312681e-03
2.200000000000000289e-01 7.123403080790336383e-04
2.399999999999999911e-01 6.265966931072560397e-04
2.600000000000000089e-01 1.385476402303361266e-03
2.800000000000000266e-01 6.069068302795473102e-04
3.000000000000000444e-01 4.774152774744828661e-04
3.200000000000000067e-01 3.962505848055729004e-04
3.400000000000000244e-01 3.385946208978100045e-04
3.599999999999999867e-01 3.019827536995469569e-04
3.800000000000000044e-01 2.145565222012273522e-04
4.000000000000000222e-01 1.346236684370530248e-04
4.200000000000000400e-01 1.225438800725263248e-04
4.400000000000000022e-01 1.585782694182832680e-04
4.600000000000000200e-01 1.800204539851596062e-04
4.799999999999999822e-01 1.833348365093578794e-04
5.000000000000000000e-01 1.477452275002579332e-04
5.200000000000000178e-01 1.072501847173578830e-04
5.400000000000000355e-01 9.319958952162627158e-05
5.600000000000000533e-01 9.754912003830278132e-05
5.800000000000000711e-01 8.358531013039009858e-05
5.999999999999999778e-01 8.584102394340329734e-05
6.199999999999999956e-01 1.351601249397535573e-04
6.400000000000000133e-01 2.266264191907372519e-04
6.600000000000000311e-01 3.362877024352309134e-04
6.800000000000000488e-01 5.104354753082457254e-04
7.000000000000000666e-01 5.647532230029990745e-04
7.199999999999999734e-01 6.393852459874131830e-04
7.399999999999999911e-01 7.111420479440525933e-04
7.600000000000000089e-01 7.942529997811723043e-04
7.800000000000000266e-01 8.637306592408145519e-04
8.000000000000000444e-01 9.158127602151572158e-04
8.200000000000000622e-01 1.217245939923957071e-03
8.400000000000000799e-01 1.368558004172692544e-03
8.599999999999999867e-01 1.334300074346901751e-03
8.800000000000000044e-01 1.367727638766316322e-03
9.000000000000000222e-01 1.408943865648615680e-03
9.200000000000000400e-01 1.441775053467371330e-03
9.400000000000000577e-01 1.420496115319624117e-03
9.599999999999999645e-01 1.357015004445612108e-03
9.799999999999999822e-01 1.322169283962654814e-03
1.000000000000000000e+00 1.290336956802052302e-03
1.020000000000000018e+00 1.203271187632151901e-03
1.040000000000000036e+00 1.107599530179535600e-03
1.060000000000000053e+00 1.020794977531948831e-03
1.080000000000000071e+00 9.779204210699700851e-04
1.100000000000000089e+00 9.409547977367573252e-04
1.120000000000000107e+00 9.153398826309274783e-04
1.140000000000000124e+00 8.991195757730909704e-04
1.160000000000000142e+00 8.817639668908119161e-04
1.179999999999999938e+00 8.646596452560546863e-04
1.199999999999999956e+00 8.464505081896822863e-04
1.219999999999999973e+00 8.213770069524679862e-04
1.239999999999999991e+00 7.793261212099794437e-04
1.260000000000000009e+00 7.401380241231816362e-04
1.280000000000000027e+00 7.105010664722815564e-04
1.300000000000000044e+00 6.991381127646157604e-04
1.320000000000000062e+00 6.912968967914091345e-04
1.340000000000000080e+00 6.776802040272352683e-04
1.360000000000000098e+00 6.478834484376337372e-04
1.380000000000000115e+00 6.171662272257499816e-04
1.400000000000000133e+00 5.912142063314167499e-04
1.419999999999999929e+00 5.720222110728480488e-04
1.439999999999999947e+00 5.626759171940782850e-04
1.459999999999999964e+00 5.434544054579206742e-04
1.479999999999999982e+00 5.203993653525195622e-04
1.500000000000000000e+00 4.952201046146311857e-04
1.520000000000000018e+00 4.675038603875739302e-04
1.540000000000000036e+00 4.502367398206781526e-04
1.560000000000000053e+00 4.311444336595017589e-04
1.580000000000000071e+00 4.208382334932360695e-04
1.600000000000000089e+00 4.120358753779849374e-04
