1.499999999999999944e-02 9.789529999999999413e-03
2.500000000000000139e-02 9.632629999999999665e-03
3.500000000000000333e-02 9.221329999999999805e-03
4.499999999999999833e-02 8.622420000000000431e-03
5.500000000000000028e-02 7.640769999999999854e-03
6.500000000000000222e-02 7.652049999999999651e-03
7.499999999999999722e-02 7.649119999999999704e-03
8.500000000000000611e-02 7.678210000000000417e-03
9.500000000000000111e-02 7.717289999999999914e-03
1.049999999999999961e-01 7.430140000000000008e-03
1.150000000000000050e-01 6.830150000000000110e-03
1.250000000000000000e-01 5.976930000000000090e-03
1.350000000000000089e-01 4.628990000000000361e-03
1.449999999999999900e-01 3.617400000000000216e-03
1.549999999999999989e-01 2.820979999999999842e-03
1.650000000000000078e-01 2.122800000000000208e-03
1.749999999999999889e-01 1.730420000000000092e-03
1.849999999999999978e-01 1.462329999999999967e-03
1.950000000000000067e-01 1.251869999999999979e-03
2.049999999999999878e-01 1.149630000000000010e-03
2.149999999999999967e-01 1.099039999999999913e-03
2.250000000000000056e-01 1.037600000000000067e-03
2.349999999999999867e-01 9.738000000000000345e-04
2.449999999999999956e-01 8.677000000000000034e-04
2.550000000000000044e-01 7.590000000000000175e-04
2.650000000000000133e-01 6.543799999999999790e-04
2.750000000000000222e-01 5.540400000000000012e-04
2.849999999999999756e-01 4.559899999999999761e-04
2.949999999999999845e-01 3.679199999999999875e-04
3.049999999999999933e-01 3.002899999999999862e-04
3.150000000000000022e-01 2.569399999999999896e-04
3.250000000000000111e-01 2.233799999999999924e-04
3.350000000000000200e-01 1.900600000000000065e-04
3.449999999999999734e-01 1.583900000000000065e-04
3.549999999999999822e-01 1.293400000000000051e-04
3.649999999999999911e-01 1.058199999999999999e-04
3.750000000000000000e-01 8.846999999999999829e-05
3.850000000000000089e-01 7.475999999999999573e-05
3.950000000000000178e-01 6.370000000000000336e-05
4.050000000000000266e-01 5.923000000000000042e-05
4.149999999999999800e-01 6.409999999999999953e-05
4.249999999999999889e-01 7.763000000000000044e-05
4.349999999999999978e-01 8.802000000000000091e-05
4.450000000000000067e-01 9.336999999999999543e-05
4.550000000000000155e-01 9.945000000000000498e-05
4.650000000000000244e-01 1.055000000000000030e-04
4.749999999999999778e-01 1.078300000000000027e-04
4.849999999999999867e-01 1.012199999999999965e-04
4.949999999999999956e-01 8.419000000000000539e-05
5.050000000000000044e-01 7.043000000000000161e-05
5.150000000000000133e-01 6.286999999999999945e-05
5.250000000000000222e-01 5.505999999999999800e-05
5.350000000000000311e-01 4.987000000000000195e-05
5.450000000000000400e-01 4.474000000000000194e-05
5.550000000000000488e-01 4.212999999999999813e-05
5.649999999999999467e-01 4.483000000000000277e-05
5.749999999999999556e-01 5.055999999999999703e-05
5.849999999999999645e-01 5.669000000000000102e-05
5.949999999999999734e-01 6.393000000000000624e-05
6.049999999999999822e-01 7.038000000000000039e-05
6.149999999999999911e-01 7.781999999999999692e-05
6.250000000000000000e-01 8.744000000000000307e-05
6.350000000000000089e-01 9.786999999999999639e-05
6.450000000000000178e-01 1.091600000000000052e-04
6.550000000000000266e-01 1.240299999999999899e-04
6.650000000000000355e-01 1.463699999999999962e-04
6.750000000000000444e-01 1.816099999999999908e-04
6.850000000000000533e-01 2.252800000000000115e-04
6.949999999999999512e-01 2.756200000000000208e-04
7.049999999999999600e-01 3.336600000000000004e-04
7.149999999999999689e-01 4.010899999999999969e-04
7.249999999999999778e-01 4.745199999999999765e-04
7.349999999999999867e-01 5.496299999999999537e-04
7.449999999999999956e-01 6.223700000000000196e-04
7.550000000000000044e-01 6.964599999999999827e-04
7.650000000000000133e-01 7.755600000000000081e-04
7.750000000000000222e-01 8.569299999999999964e-04
7.850000000000000311e-01 9.330399999999999978e-04
7.950000000000000400e-01 1.004359999999999932e-03
8.050000000000000488e-01 1.072470000000000064e-03
8.149999999999999467e-01 1.142970000000000097e-03
8.249999999999999556e-01 1.203410000000000027e-03
8.349999999999999645e-01 1.255730000000000041e-03
8.449999999999999734e-01 1.295069999999999945e-03
8.549999999999999822e-01 1.330369999999999990e-03
8.649999999999999911e-01 1.356170000000000075e-03
8.750000000000000000e-01 1.380050000000000070e-03
8.850000000000000089e-01 1.390979999999999994e-03
8.950000000000000178e-01 1.408600000000000086e-03
9.050000000000000266e-01 1.410229999999999947e-03
9.150000000000000355e-01 1.409550000000000082e-03
9.250000000000000444e-01 1.400940000000000041e-03
9.350000000000000533e-01 1.390849999999999899e-03
9.449999999999999512e-01 1.372809999999999916e-03
9.549999999999999600e-01 1.355670000000000009e-03
9.649999999999999689e-01 1.331520000000000099e-03
9.749999999999999778e-01 1.318069999999999962e-03
9.849999999999999867e-01 1.305350000000000043e-03
9.949999999999999956e-01 1.293410000000000046e-03
1.004999999999999893e+00 1.270070000000000096e-03
1.014999999999999902e+00 1.240409999999999950e-03
1.024999999999999911e+00 1.217219999999999977e-03
1.034999999999999920e+00 1.183550000000000010e-03
1.044999999999999929e+00 1.145259999999999941e-03
1.054999999999999938e+00 1.107099999999999968e-03
1.064999999999999947e+00 1.064449999999999988e-03
1.074999999999999956e+00 1.033749999999999947e-03
1.084999999999999964e+00 1.011919999999999920e-03
1.094999999999999973e+00 9.813899999999999534e-04
1.104999999999999982e+00 9.606900000000000465e-04
1.114999999999999991e+00 9.449099999999999774e-04
1.125000000000000000e+00 9.280799999999999640e-04
1.135000000000000009e+00 9.198500000000000513e-04
1.145000000000000018e+00 9.101099999999999988e-04
1.155000000000000027e+00 9.002800000000000472e-04
1.165000000000000036e+00 8.927600000000000379e-04
1.175000000000000044e+00 8.822600000000000537e-04
1.185000000000000053e+00 8.709199999999999624e-04
1.195000000000000062e+00 8.570300000000000530e-04
1.205000000000000071e+00 8.449799999999999499e-04
1.215000000000000080e+00 8.352999999999999748e-04
1.225000000000000089e+00 8.239799999999999815e-04
1.235000000000000098e+00 8.100400000000000439e-04
1.245000000000000107e+00 7.933999999999999863e-04
1.254999999999999893e+00 7.774299999999999614e-04
1.264999999999999902e+00 7.656800000000000281e-04
1.274999999999999911e+00 7.529400000000000112e-04
1.284999999999999920e+00 7.391999999999999699e-04
1.294999999999999929e+00 7.272900000000000111e-04
1.304999999999999938e+00 7.179600000000000174e-04
1.314999999999999947e+00 7.121999999999999642e-04
1.324999999999999956e+00 7.029999999999999574e-04
1.334999999999999964e+00 6.939599999999999762e-04
1.344999999999999973e+00 6.818500000000000125e-04
1.354999999999999982e+00 6.709899999999999979e-04
1.364999999999999991e+00 6.612299999999999558e-04
1.375000000000000000e+00 6.469699999999999670e-04
1.385000000000000009e+00 6.330599999999999596e-04
1.395000000000000018e+00 6.215599999999999511e-04
1.405000000000000027e+00 6.102399999999999578e-04
1.415000000000000036e+00 5.985800000000000322e-04
1.425000000000000044e+00 5.878199999999999658e-04
1.435000000000000053e+00 5.752300000000000338e-04
1.445000000000000062e+00 5.665899999999999539e-04
1.455000000000000071e+00 5.578900000000000135e-04
1.465000000000000080e+00 5.499100000000000255e-04
1.475000000000000089e+00 5.390399999999999619e-04
1.485000000000000098e+00 5.266099999999999471e-04
1.495000000000000107e+00 5.166899999999999878e-04
1.504999999999999893e+00 5.002599999999999842e-04
1.514999999999999902e+00 4.877300000000000212e-04
1.524999999999999911e+00 4.776100000000000029e-04
1.534999999999999920e+00 4.663099999999999992e-04
1.544999999999999929e+00 4.614199999999999834e-04
1.554999999999999938e+00 4.569400000000000263e-04
1.564999999999999947e+00 4.460399999999999782e-04
1.574999999999999956e+00 4.473799999999999891e-04
1.584999999999999964e+00 4.476500000000000119e-04
1.594999999999999973e+00 4.444699999999999779e-04
1.604999999999999982e+00 4.412899999999999982e-04
1.614999999999999991e+00 4.381100000000000185e-04
