2.000000000000000042e-02 4.234645138267289846e-06
4.000000000000000083e-02 4.941605649783964458e-06
5.999999999999999778e-02 3.941795470127306489e-06
7.999999999999998779e-02 3.357388300771871211e-06
1.000000000000000056e-01 2.085758229391767553e-06
1.199999999999999956e-01 1.485357474985456027e-06
1.400000000000000133e-01 1.215685505152528507e-06
1.600000000000000311e-01 8.882820677436235563e-07
1.799999999999999933e-01 7.834270292616785377e-07
2.000000000000000111e-01 1.094575874020072365e-06
2.200000000000000289e-01 1.438645551289569690e-06
2.399999999999999911e-01 1.578331769856043403e-06
2.600000000000000089e-01 1.841351111589876353e-06
2.800000000000000266e-01 2.100674970635910944e-06
3.000000000000000444e-01 2.320412123805747167e-06
3.200000000000000067e-01 2.981470814876120869e-06
3.400000000000000244e-01 4.673424652180881420e-06
3.599999999999999867e-01 5.660057588813865804e-06
3.800000000000000044e-01 5.736933824613313643e-06
4.000000000000000222e-01 5.824121470596674593e-06
4.200000000000000400e-01 5.594623629863279708e-06
4.400000000000000022e-01 5.241116913282040308e-06
4.600000000000000200e-01 5.030249615519027712e-06
4.799999999999999822e-01 5.445938626798633444e-06
5.000000000000000000e-01 5.469313224654131350e-06
5.200000000000000178e-01 5.652563803565136973e-06
5.400000000000000355e-01 5.637027416794939484e-06
5.600000000000000533e-01 5.792698169379907894e-06
5.800000000000000711e-01 5.313546085340889492e-06
5.999999999999999778e-01 5.601956651458733865e-06
6.199999999999999956e-01 5.560611208957928792e-06
6.400000000000000133e-01 5.559189557235704903e-06
6.600000000000000311e-01 5.716193115464344433e-06
6.800000000000000488e-01 5.401962513118763313e-06
7.000000000000000666e-01 5.297602276003662677e-06
7.199999999999999734e-01 5.184489093759356789e-06
7.399999999999999911e-01 5.374507879174479739e-06
7.600000000000000089e-01 5.529888314441761510e-06
7.800000000000000266e-01 5.565913890485519846e-06
8.000000000000000444e-01 5.878539698057846771e-06
8.200000000000000622e-01 5.588729217780550134e-06
8.400000000000000799e-01 5.272802494868402411e-06
8.599999999999999867e-01 4.834198271212867424e-06
8.800000000000000044e-01 4.469736548690548453e-06
9.000000000000000222e-01 3.928630301328809377e-06
9.200000000000000400e-01 3.352062346994188035e-06
9.400000000000000577e-01 3.062768997359794830e-06
9.599999999999999645e-01 2.613319605887038208e-06
9.799999999999999822e-01 2.136491173990499003e-06
1.000000000000000000e+00 1.773895873070483551e-06
1.020000000000000018e+00 1.477883360536400828e-06
1.040000000000000036e+00 1.213534825494144748e-06
1.060000000000000053e+00 9.483313750530067731e-07
1.080000000000000071e+00 7.992295925718093834e-07
1.100000000000000089e+00 6.295932521563806580e-07
1.120000000000000107e+00 4.926128663455564435e-07
1.140000000000000124e+00 3.921209842592368317e-07
1.160000000000000142e+00 3.179935340312610336e-07
1.179999999999999938e+00 2.390587324426949712e-07
1.199999999999999956e+00 1.853453956248179298e-07
1.219999999999999973e+00 1.248130201834910670e-07
1.239999999999999991e+00 9.865971101176161682e-08
1.260000000000000009e+00 8.471634125383577161e-08
1.280000000000000027e+00 6.980215735577786484e-08
1.300000000000000044e+00 5.646568746416590273e-08
1.320000000000000062e+00 3.765656495165804426e-08
1.340000000000000080e+00 2.968176255989217381e-08
1.360000000000000098e+00 2.079511642923801493e-08
1.380000000000000115e+00 1.415855741776822250e-08
1.400000000000000133e+00 5.896719888940934201e-09
1.419999999999999929e+00 0.000000000000000000e+00
1.439999999999999947e+00 0.000000000000000000e+00
1.459999999999999964e+00 0.000000000000000000e+00
1.479999999999999982e+00 0.000000000000000000e+00
1.500000000000000000e+00 0.000000000000000000e+00
1.520000000000000018e+00 0.000000000000000000e+00
1.540000000000000036e+00 0.000000000000000000e+00
1.560000000000000053e+00 0.000000000000000000e+00
1.580000000000000071e+00 0.000000000000000000e+00
1.600000000000000089e+00 0.000000000000000000e+00
