2.000000000000000042e-02 8.488960706614810323e-03
4.000000000000000083e-02 9.348576392668733401e-03
5.999999999999999778e-02 9.129446909561994561e-03
7.999999999999998779e-02 8.043536531169835982e-03
1.000000000000000056e-01 6.505021728381324593e-03
1.199999999999999956e-01 4.912981888125111940e-03
1.400000000000000133e-01 3.651404263562536834e-03
1.600000000000000311e-01 2.465593044905241716e-03
1.799999999999999933e-01 1.640025947522299804e-03
2.000000000000000111e-01 1.157226631668490865e-03
2.200000000000000289e-01 8.870993889279055319e-04
2.399999999999999911e-01 7.545939989401722432e-04
2.600000000000000089e-01 6.665005256015262697e-04
2.800000000000000266e-01 5.571582113718586901e-04
3.000000000000000444e-01 4.456709547005280585e-04
3.200000000000000067e-01 3.321159725894675817e-04
3.400000000000000244e-01 2.283872892951025835e-04
3.599999999999999867e-01 1.661161110039501791e-04
3.800000000000000044e-01 1.403900186574864200e-04
4.000000000000000222e-01 1.236071390720505853e-04
4.200000000000000400e-01 1.250753427032013385e-04
4.400000000000000022e-01 1.304369995908025691e-04
4.600000000000000200e-01 1.311864845691071305e-04
4.799999999999999822e-01 1.295177553552793830e-04
5.000000000000000000e-01 1.163097648800682322e-04
5.200000000000000178e-01 9.794145739352618765e-05
5.400000000000000355e-01 8.180982526076533952e-05
5.600000000000000533e-01 8.084199234933158080e-05
5.800000000000000711e-01 8.811984359770980938e-05
5.999999999999999778e-01 1.057446951243873139e-04
6.199999999999999956e-01 1.365083169646979524e-04
6.400000000000000133e-01 1.788257582780298810e-04
6.600000000000000311e-01 2.347821112508985788e-04
6.800000000000000488e-01 3.172277710217019458e-04
7.000000000000000666e-01 4.170856604182718633e-04
7.199999999999999734e-01 5.494832630886483304e-04
7.399999999999999911e-01 7.262338310336549337e-04
7.600000000000000089e-01 9.474269178394672088e-04
7.800000000000000266e-01 1.152631606752144719e-03
8.000000000000000444e-01 1.345685899647395102e-03
8.200000000000000622e-01 1.452107628249348602e-03
8.400000000000000799e-01 1.545307538590215283e-03
8.599999999999999867e-01 1.589716458301473510e-03
8.800000000000000044e-01 1.626636966933911075e-03
9.000000000000000222e-01 1.660820659936770296e-03
9.200000000000000400e-01 1.673930255715080093e-03
9.400000000000000577e-01 1.643470755711766125e-03
9.599999999999999645e-01 1.568705537399338670e-03
9.799999999999999822e-01 1.497322162877405072e-03
1.000000000000000000e+00 1.400001741634777572e-03
1.020000000000000018e+00 1.300885351576727906e-03
1.040000000000000036e+00 1.202962004099431643e-03
1.060000000000000053e+00 1.108176138442100661e-03
1.080000000000000071e+00 1.050227359476702893e-03
1.100000000000000089e+00 1.020430271732213024e-03
1.120000000000000107e+00 9.917886740883276493e-04
1.140000000000000124e+00 9.709628085233225304e-04
1.160000000000000142e+00 9.476697014278938997e-04
1.179999999999999938e+00 9.312648934886348651e-04
1.199999999999999956e+00 9.006963312097313913e-04
1.219999999999999973e+00 8.697856690061497214e-04
1.239999999999999991e+00 8.339770828104754513e-04
1.260000000000000009e+00 7.916221157875532287e-04
1.280000000000000027e+00 7.666532717134074771e-04
1.300000000000000044e+00 7.344641188267970284e-04
1.320000000000000062e+00 7.057297313862188328e-04
1.340000000000000080e+00 6.926759501925229892e-04
1.360000000000000098e+00 6.705344026220454862e-04
1.380000000000000115e+00 6.394515113457050100e-04
1.400000000000000133e+00 6.239384391440614894e-04
1.419999999999999929e+00 6.056629911991442223e-04
1.439999999999999947e+00 5.751849712057412233e-04
1.459999999999999964e+00 5.264996528707919761e-04
1.479999999999999982e+00 4.808127157500212130e-04
1.500000000000000000e+00 4.344004007944041634e-04
1.520000000000000018e+00 3.891769876498182954e-04
1.540000000000000036e+00 3.538896455852859942e-04
1.560000000000000053e+00 3.305907548790392326e-04
1.580000000000000071e+00 3.211101792061441668e-04
1.600000000000000089e+00 3.282436536058601167e-04
