2.000000000000000042e-02 7.009895680766875681e-06
4.000000000000000083e-02 4.289825304313889537e-06
5.999999999999999778e-02 2.500311469468567624e-06
7.999999999999998779e-02 1.469165902614089599e-06
1.000000000000000056e-01 1.024200330133634064e-06
1.199999999999999956e-01 9.932264784103980405e-07
1.400000000000000133e-01 1.363378940440705938e-06
1.600000000000000311e-01 1.117798510117787143e-06
1.799999999999999933e-01 9.806320128486180170e-07
2.000000000000000111e-01 1.373123138102939389e-06
2.200000000000000289e-01 1.900434569451781310e-06
2.399999999999999911e-01 2.692146703376388124e-06
2.600000000000000089e-01 3.572012156874029483e-06
2.800000000000000266e-01 4.417300636292263021e-06
3.000000000000000444e-01 5.166989815568634226e-06
3.200000000000000067e-01 5.584403444509522138e-06
3.400000000000000244e-01 5.869249503611978936e-06
3.599999999999999867e-01 5.922507018910210899e-06
3.800000000000000044e-01 5.957568372631553245e-06
4.000000000000000222e-01 5.839982503987909502e-06
4.200000000000000400e-01 5.719972178667082444e-06
4.400000000000000022e-01 5.883305698318277061e-06
4.600000000000000200e-01 5.997118442932603944e-06
4.799999999999999822e-01 6.254643621282263521e-06
5.000000000000000000e-01 6.399199347876913657e-06
5.200000000000000178e-01 6.494875919061413126e-06
5.400000000000000355e-01 6.620960325556177692e-06
5.600000000000000533e-01 6.958558720918870590e-06
5.800000000000000711e-01 7.060062791602124154e-06
5.999999999999999778e-01 7.295026026234333994e-06
6.199999999999999956e-01 7.352693750750665495e-06
6.400000000000000133e-01 7.329964711109349957e-06
6.600000000000000311e-01 7.200310109668118887e-06
6.800000000000000488e-01 7.075160105996018476e-06
7.000000000000000666e-01 6.790261777339586273e-06
7.199999999999999734e-01 6.743733618791249996e-06
7.399999999999999911e-01 6.834726129325611526e-06
7.600000000000000089e-01 7.065016674063200770e-06
7.800000000000000266e-01 7.245157070881077762e-06
8.000000000000000444e-01 7.471274491476797225e-06
8.200000000000000622e-01 7.371249746094187177e-06
8.400000000000000799e-01 7.063692181578338143e-06
8.599999999999999867e-01 6.585802417936394384e-06
8.800000000000000044e-01 6.044004650356674348e-06
9.000000000000000222e-01 5.499814488139211864e-06
9.200000000000000400e-01 5.009581344308644778e-06
9.400000000000000577e-01 4.470793147020862693e-06
9.599999999999999645e-01 3.824198293216064771e-06
9.799999999999999822e-01 3.324773111825263242e-06
1.000000000000000000e+00 2.772196656488586022e-06
1.020000000000000018e+00 2.334139616073970486e-06
1.040000000000000036e+00 1.892901701295963733e-06
1.060000000000000053e+00 1.495000311417785075e-06
1.080000000000000071e+00 1.231030946822507078e-06
1.100000000000000089e+00 1.025065219280844019e-06
1.120000000000000107e+00 8.298423818623935516e-07
1.140000000000000124e+00 6.557930013635293406e-07
1.160000000000000142e+00 5.102042564660910852e-07
1.179999999999999938e+00 4.033276185547398642e-07
1.199999999999999956e+00 3.166687031113606883e-07
1.219999999999999973e+00 2.511436390792752722e-07
1.239999999999999991e+00 1.880835700685000380e-07
1.260000000000000009e+00 1.442182103668154749e-07
1.280000000000000027e+00 1.130752682849278457e-07
1.300000000000000044e+00 8.629292709225703239e-08
1.320000000000000062e+00 6.976092628304829633e-08
1.340000000000000080e+00 5.348603097434447045e-08
1.360000000000000098e+00 3.886277465653699376e-08
1.380000000000000115e+00 2.392711307289379865e-08
1.400000000000000133e+00 1.365467229976440435e-08
1.419999999999999929e+00 5.445222565839815477e-09
1.439999999999999947e+00 1.180841550458429189e-09
1.459999999999999964e+00 -2.509243705810991627e-09
1.479999999999999982e+00 -2.168207834740592308e-09
1.500000000000000000e+00 -6.897283167826217788e-10
1.520000000000000018e+00 -1.149547194637646441e-10
1.540000000000000036e+00 4.598188778550998836e-10
1.560000000000000053e+00 7.472056765145384547e-10
1.580000000000000071e+00 4.598188778551284730e-10
1.600000000000000089e+00 -6.897283167825613946e-10
