6.250000000000000000e-01 3.149706751863027432e-05
6.750000000000000444e-01 3.526935091897526512e-05
7.249999999999999778e-01 3.853223959182633515e-05
7.749999999999999112e-01 4.132586296077736922e-05
8.249999999999999556e-01 4.369035044942221827e-05
8.750000000000000000e-01 4.566583148135490943e-05
9.249999999999999334e-01 4.706376522439059397e-05
9.749999999999999778e-01 4.814559025775614546e-05
1.024999999999999911e+00 4.948385293034300597e-05
1.074999999999999734e+00 5.142101705806404854e-05
1.125000000000000000e+00 5.379737981831053114e-05
1.174999999999999822e+00 5.476787306848668704e-05
1.225000000000000089e+00 5.520282068413768383e-05
1.274999999999999911e+00 5.637980887656068559e-05
1.324999999999999734e+00 5.634082259026779220e-05
1.375000000000000000e+00 5.692134848753134567e-05
1.424999999999999822e+00 5.694000296699568158e-05
1.475000000000000089e+00 5.693306452895021563e-05
1.524999999999999911e+00 5.669622638075471206e-05
1.574999999999999734e+00 5.646591004799373205e-05
1.625000000000000000e+00 5.626880118080318917e-05
1.674999999999999822e+00 5.547602968149603945e-05
1.724999999999999867e+00 5.339166964222107276e-05
1.774999999999999911e+00 5.254480903048448884e-05
1.824999999999999956e+00 5.009905624100163845e-05
1.875000000000000000e+00 4.821997629520899696e-05
1.924999999999999822e+00 4.621335607344182909e-05
1.974999999999999867e+00 4.365493149018692399e-05
2.024999999999999911e+00 4.056930630121679594e-05
2.074999999999999734e+00 3.839055763993915864e-05
2.125000000000000000e+00 3.678695835755298708e-05
2.174999999999999822e+00 3.570364946841592379e-05
2.224999999999999645e+00 3.421889566702136125e-05
2.274999999999999911e+00 3.321060292593807338e-05
2.324999999999999734e+00 3.127166940700986416e-05
2.375000000000000000e+00 2.973266169000892317e-05
2.424999999999999822e+00 2.785271728601772880e-05
2.474999999999999645e+00 2.608014722065759842e-05
2.524999999999999911e+00 2.410113158740367120e-05
2.574999999999999734e+00 2.203829536531112917e-05
2.625000000000000000e+00 1.995193088273404419e-05
2.674999999999999822e+00 1.851635141662929997e-05
2.724999999999999645e+00 1.665898796112789428e-05
2.774999999999999911e+00 1.511396310962110169e-05
2.825000000000000178e+00 1.339094023794351861e-05
2.875000000000000000e+00 1.234081767596509444e-05
2.924999999999999822e+00 1.111865039762558752e-05
2.974999999999999645e+00 1.052078122640194806e-05
3.024999999999999911e+00 9.586772238687368654e-06
3.075000000000000178e+00 8.808816460329243656e-06
3.125000000000000000e+00 8.120896920462256674e-06
3.174999999999999822e+00 7.651151652105788554e-06
3.224999999999999645e+00 6.920870309575474041e-06
3.274999999999999911e+00 6.254145972692467516e-06
3.324999999999999734e+00 5.442949412255199277e-06
3.375000000000000000e+00 4.843228079545865683e-06
3.424999999999999822e+00 3.956990862533161999e-06
3.474999999999999645e+00 3.352355865671069653e-06
3.524999999999999911e+00 2.770480090457305861e-06
3.574999999999999734e+00 2.519617419776939873e-06
3.625000000000000000e+00 2.385132992272214020e-06
3.674999999999999822e+00 2.260408103827207986e-06
3.724999999999999645e+00 2.174509895593334824e-06
3.774999999999999911e+00 2.099561300460098972e-06
3.824999999999999734e+00 1.893118499754569145e-06
3.875000000000000000e+00 1.666789694559647546e-06
3.924999999999999822e+00 1.334296255254271612e-06
3.974999999999999645e+00 1.032043629616372116e-06
4.025000000000000355e+00 8.155884462930501994e-07
4.074999999999999289e+00 7.342733005196796242e-07
4.125000000000000000e+00 5.407547057230361009e-07
4.174999999999998934e+00 4.122339319445811246e-07
4.224999999999999645e+00 3.451210540299817580e-07
4.275000000000000355e+00 3.077543993888719350e-07
4.324999999999999289e+00 2.742472147243073653e-07
4.375000000000000000e+00 2.286321836849442800e-07
4.424999999999998934e+00 1.549419899194412925e-07
4.474999999999999645e+00 3.720931707645609656e-08
