2.000000000000000042e-02 4.234645138267290184e-04
4.000000000000000083e-02 4.941605649783964221e-04
5.999999999999999778e-02 3.941795470127306116e-04
7.999999999999998779e-02 3.357388300771871380e-04
1.000000000000000056e-01 2.085758229391767519e-04
1.199999999999999956e-01 1.485357474985456053e-04
1.400000000000000133e-01 1.215685505152528490e-04
1.600000000000000311e-01 8.882820677436235944e-05
1.799999999999999933e-01 7.834270292616785081e-05
2.000000000000000111e-01 1.094575874020072356e-04
2.200000000000000289e-01 1.438645551289569665e-04
2.399999999999999911e-01 1.578331769856043318e-04
2.600000000000000089e-01 1.841351111589876251e-04
2.800000000000000266e-01 2.100674970635911130e-04
3.000000000000000444e-01 2.320412123805747117e-04
3.200000000000000067e-01 2.981470814876120853e-04
3.400000000000000244e-01 4.673424652180881590e-04
3.599999999999999867e-01 5.660057588813866176e-04
3.800000000000000044e-01 5.736933824613313880e-04
4.000000000000000222e-01 5.824121470596674288e-04
4.200000000000000400e-01 5.594623629863279980e-04
4.400000000000000022e-01 5.241116913282040579e-04
4.600000000000000200e-01 5.030249615519027983e-04
4.799999999999999822e-01 5.445938626798633173e-04
5.000000000000000000e-01 5.469313224654131621e-04
5.200000000000000178e-01 5.652563803565137379e-04
5.400000000000000355e-01 5.637027416794939891e-04
5.600000000000000533e-01 5.792698169379907657e-04
5.800000000000000711e-01 5.313546085340889458e-04
5.999999999999999778e-01 5.601956651458733696e-04
6.199999999999999956e-01 5.560611208957928894e-04
6.400000000000000133e-01 5.559189557235704598e-04
6.600000000000000311e-01 5.716193115464344738e-04
6.800000000000000488e-01 5.401962513118763144e-04
7.000000000000000666e-01 5.297602276003662847e-04
7.199999999999999734e-01 5.184489093759356857e-04
7.399999999999999911e-01 5.374507879174479467e-04
7.600000000000000089e-01 5.529888314441761205e-04
7.800000000000000266e-01 5.565913890485519981e-04
8.000000000000000444e-01 5.878539698057846669e-04
8.200000000000000622e-01 5.588729217780550066e-04
8.400000000000000799e-01 5.272802494868402377e-04
8.599999999999999867e-01 4.834198271212867323e-04
8.800000000000000044e-01 4.469736548690548487e-04
9.000000000000000222e-01 3.928630301328809140e-04
9.200000000000000400e-01 3.352062346994188102e-04
9.400000000000000577e-01 3.062768997359794796e-04
9.599999999999999645e-01 2.613319605887038039e-04
9.799999999999999822e-01 2.136491173990499003e-04
1.000000000000000000e+00 1.773895873070483636e-04
1.020000000000000018e+00 1.477883360536400904e-04
1.040000000000000036e+00 1.213534825494144774e-04
1.060000000000000053e+00 9.483313750530067562e-05
1.080000000000000071e+00 7.992295925718094257e-05
1.100000000000000089e+00 6.295932521563806156e-05
1.120000000000000107e+00 4.926128663455564435e-05
1.140000000000000124e+00 3.921209842592368507e-05
1.160000000000000142e+00 3.179935340312610420e-05
1.179999999999999938e+00 2.390587324426949627e-05
1.199999999999999956e+00 1.853453956248179350e-05
1.219999999999999973e+00 1.248130201834910606e-05
1.239999999999999991e+00 9.865971101176161841e-06
1.260000000000000009e+00 8.471634125383576685e-06
1.280000000000000027e+00 6.980215735577786272e-06
1.300000000000000044e+00 5.646568746416590485e-06
1.320000000000000062e+00 3.765656495165804637e-06
1.340000000000000080e+00 2.968176255989217341e-06
1.360000000000000098e+00 2.079511642923801493e-06
1.380000000000000115e+00 1.415855741776822316e-06
1.400000000000000133e+00 5.896719888940934333e-07
1.419999999999999929e+00 0.000000000000000000e+00
1.439999999999999947e+00 0.000000000000000000e+00
1.459999999999999964e+00 0.000000000000000000e+00
1.479999999999999982e+00 0.000000000000000000e+00
1.500000000000000000e+00 0.000000000000000000e+00
1.520000000000000018e+00 0.000000000000000000e+00
1.540000000000000036e+00 0.000000000000000000e+00
1.560000000000000053e+00 0.000000000000000000e+00
1.580000000000000071e+00 0.000000000000000000e+00
1.600000000000000089e+00 0.000000000000000000e+00
