6.250000000000000000e-01 6.250000000000000000e-01
6.750000000000000444e-01 6.750000000000000444e-01
7.249999999999999778e-01 7.249999999999999778e-01
7.749999999999999112e-01 7.749999999999999112e-01
8.249999999999999556e-01 8.249999999999999556e-01
8.750000000000000000e-01 8.750000000000000000e-01
9.249999999999999334e-01 9.249999999999999334e-01
9.749999999999999778e-01 9.749999999999999778e-01
1.024999999999999911e+00 1.024999999999999911e+00
1.074999999999999734e+00 1.074999999999999734e+00
1.125000000000000000e+00 1.125000000000000000e+00
1.174999999999999822e+00 1.174999999999999822e+00
1.225000000000000089e+00 1.225000000000000089e+00
1.274999999999999911e+00 1.274999999999999911e+00
1.324999999999999734e+00 1.324999999999999734e+00
1.375000000000000000e+00 1.375000000000000000e+00
1.424999999999999822e+00 1.424999999999999822e+00
1.475000000000000089e+00 1.475000000000000089e+00
1.524999999999999911e+00 1.524999999999999911e+00
1.574999999999999734e+00 1.574999999999999734e+00
1.625000000000000000e+00 1.625000000000000000e+00
1.674999999999999822e+00 1.674999999999999822e+00
1.724999999999999867e+00 1.724999999999999867e+00
1.774999999999999911e+00 1.774999999999999911e+00
1.824999999999999956e+00 1.824999999999999956e+00
1.875000000000000000e+00 1.875000000000000000e+00
1.924999999999999822e+00 1.924999999999999822e+00
1.974999999999999867e+00 1.974999999999999867e+00
2.024999999999999911e+00 2.024999999999999911e+00
2.074999999999999734e+00 2.074999999999999734e+00
2.125000000000000000e+00 2.125000000000000000e+00
2.174999999999999822e+00 2.174999999999999822e+00
2.224999999999999645e+00 2.224999999999999645e+00
2.274999999999999911e+00 2.274999999999999911e+00
2.324999999999999734e+00 2.324999999999999734e+00
2.375000000000000000e+00 2.375000000000000000e+00
2.424999999999999822e+00 2.424999999999999822e+00
2.474999999999999645e+00 2.474999999999999645e+00
2.524999999999999911e+00 2.524999999999999911e+00
2.574999999999999734e+00 2.574999999999999734e+00
2.625000000000000000e+00 2.625000000000000000e+00
2.674999999999999822e+00 2.674999999999999822e+00
2.724999999999999645e+00 2.724999999999999645e+00
2.774999999999999911e+00 2.774999999999999911e+00
2.825000000000000178e+00 2.825000000000000178e+00
2.875000000000000000e+00 2.875000000000000000e+00
2.924999999999999822e+00 2.924999999999999822e+00
2.974999999999999645e+00 2.974999999999999645e+00
3.024999999999999911e+00 3.024999999999999911e+00
3.075000000000000178e+00 3.075000000000000178e+00
3.125000000000000000e+00 3.125000000000000000e+00
3.174999999999999822e+00 3.174999999999999822e+00
3.224999999999999645e+00 3.224999999999999645e+00
3.274999999999999911e+00 3.274999999999999911e+00
3.324999999999999734e+00 3.324999999999999734e+00
3.375000000000000000e+00 3.375000000000000000e+00
3.424999999999999822e+00 3.424999999999999822e+00
3.474999999999999645e+00 3.474999999999999645e+00
3.524999999999999911e+00 3.524999999999999911e+00
3.574999999999999734e+00 3.574999999999999734e+00
3.625000000000000000e+00 3.625000000000000000e+00
3.674999999999999822e+00 3.674999999999999822e+00
3.724999999999999645e+00 3.724999999999999645e+00
3.774999999999999911e+00 3.774999999999999911e+00
3.824999999999999734e+00 3.824999999999999734e+00
3.875000000000000000e+00 3.875000000000000000e+00
3.924999999999999822e+00 3.924999999999999822e+00
3.974999999999999645e+00 3.974999999999999645e+00
4.025000000000000355e+00 4.025000000000000355e+00
4.074999999999999289e+00 4.074999999999999289e+00
4.125000000000000000e+00 4.125000000000000000e+00
4.174999999999998934e+00 4.174999999999998934e+00
4.224999999999999645e+00 4.224999999999999645e+00
4.275000000000000355e+00 4.275000000000000355e+00
4.324999999999999289e+00 4.324999999999999289e+00
4.375000000000000000e+00 4.375000000000000000e+00
4.424999999999998934e+00 4.424999999999998934e+00
4.474999999999999645e+00 4.474999999999999645e+00
