  11    1.479478   0.403311 1.475
  12    1.400000   0.416667 1.400
  13    1.327761   0.429597 1.325
  14    1.252402   0.443971 1.250
  15    1.176820   0.459386 1.175
  16    1.100000   0.476190 1.100
  17    1.027930   0.493114 1.025
  18    0.950713   0.512633 0.950
  19    0.876908   0.532791 0.875
  20    0.800000   0.555556 0.800
  21    0.725797   0.579443 0.725
  22    0.650446   0.605897 0.650
  23    0.575927   0.634547 0.575
  24    0.500000   0.666667 0.500
  25    0.450300   0.689512 0.450
  26    0.400000   0.714286 0.400
  27    0.350706   0.740354 0.350
  28    0.300000   0.769231 0.300
  29    0.250226   0.799855 0.250
  30    0.200000   0.833333 0.200
