1.993750000000000036e-02 8.602440280015555274e-03
3.981250000000000067e-02 9.490230449760285111e-03
5.968749999999999750e-02 9.278657274959552573e-03
7.956249999999999434e-02 8.180647257802304770e-03
9.943749999999999811e-02 6.617976689237528402e-03
1.193125000000000019e-01 4.998488622802028415e-03
1.391875000000000195e-01 3.714465411257231522e-03
1.590624999999999956e-01 2.508012710461071052e-03
1.789375000000000271e-01 1.668127910736964510e-03
1.988125000000000031e-01 1.176961038917407080e-03
2.186875000000000346e-01 9.021441553474300297e-04
2.385625000000000107e-01 7.673133251295077796e-04
2.584374999999999867e-01 6.776604305406350040e-04
2.783125000000000182e-01 5.664212660953590753e-04
2.981875000000000497e-01 4.530252371221818821e-04
3.180625000000000258e-01 3.375537733137132343e-04
3.379375000000000018e-01 2.320965619650715587e-04
3.578124999999999778e-01 1.687915982726267289e-04
3.776875000000000093e-01 1.426318628930878447e-04
3.975625000000000409e-01 1.255637543036548873e-04
4.174375000000000169e-01 1.270375739097038962e-04
4.373124999999999929e-01 1.324648126987423120e-04
4.571875000000000244e-01 1.332071949027091660e-04
4.770625000000000004e-01 1.314941681720493776e-04
4.969374999999999765e-01 1.180678874305272902e-04
5.168125000000000080e-01 9.940781705461286977e-05
5.366874999999999840e-01 8.302288281058203465e-05
5.565625000000000711e-01 8.202907298135653702e-05
5.764374999999999361e-01 8.940115110788280511e-05
5.963125000000000231e-01 1.072671605730869194e-04
6.161875000000001101e-01 1.384542739681937119e-04
6.360624999999999751e-01 1.813496377393817585e-04
6.559375000000000622e-01 2.380626858669892458e-04
6.758124999999999272e-01 3.216159781108917357e-04
6.956875000000000142e-01 4.227972796175280090e-04
7.155625000000001013e-01 5.569322272590396033e-04
7.354374999999999662e-01 7.359796158004886131e-04
7.553125000000000533e-01 9.600126493452152895e-04
7.751875000000000293e-01 1.167788528449803780e-03
7.950625000000000053e-01 1.363202466525004165e-03
8.149375000000000924e-01 1.470818222767752634e-03
8.348124999999999574e-01 1.565017573142040265e-03
8.546875000000000444e-01 1.609787846622784575e-03
8.745625000000000204e-01 1.646966929165213011e-03
8.944374999999999964e-01 1.681368254972315755e-03
9.143125000000000835e-01 1.694431169412310067e-03
9.341874999999999485e-01 1.663395913676102679e-03
9.540625000000000355e-01 1.587533029724486891e-03
9.739375000000000115e-01 1.515112566463411433e-03
9.938124999999999876e-01 1.416469243245089280e-03
1.013687500000000075e+00 1.316034095954953832e-03
1.033562499999999940e+00 1.216830795510672435e-03
1.053437500000000027e+00 1.120825129567567819e-03
1.073312500000000114e+00 1.062096047926141575e-03
1.093187499999999979e+00 1.031848206136971131e-03
1.113062500000000066e+00 1.002776738429719643e-03
1.132937500000000153e+00 9.816144368560619695e-04
1.152812500000000018e+00 9.579639756550554879e-04
1.172687499999999883e+00 9.412822164501892519e-04
1.192562500000000192e+00 9.102905871058537476e-04
1.212437500000000057e+00 8.789608513457710347e-04
1.232312499999999922e+00 8.426895574181864600e-04
1.252187500000000009e+00 7.998125317503053605e-04
1.272062500000000096e+00 7.745093100239855899e-04
1.291937499999999961e+00 7.419184364482834864e-04
1.311812500000000048e+00 7.128242802415502661e-04
1.331687500000000135e+00 6.995732969846771851e-04
1.351562500000000000e+00 6.771482668897094723e-04
1.371437499999999865e+00 6.456995095912284937e-04
1.391312500000000174e+00 6.299778004286177985e-04
1.411187500000000039e+00 6.114708133286699552e-04
1.431062499999999904e+00 5.806493386160594848e-04
1.450937499999999991e+00 5.314552694313626506e-04
1.470812500000000078e+00 4.852966578094192098e-04
1.490687499999999943e+00 4.384143875433719399e-04
1.510562500000000030e+00 3.927402827329290664e-04
1.530437500000000117e+00 3.571004116693016271e-04
1.550312499999999982e+00 3.335630021638767619e-04
1.570187500000000069e+00 3.239711864767109094e-04
1.590062500000000156e+00 3.311419919098086500e-04
