1.993750000000000036e-02 7.245632562246170525e-04
3.981250000000000067e-02 4.438999493804265278e-04
5.968749999999999750e-02 2.591995864890838026e-04
7.956249999999999434e-02 1.527123706183065768e-04
9.943749999999999811e-02 1.066885048358129432e-04
1.193125000000000019e-01 1.033781922093213607e-04
1.391875000000000195e-01 1.415287859743635866e-04
1.590624999999999956e-01 1.160315787285334940e-04
1.789375000000000271e-01 1.017899947497972205e-04
1.988125000000000031e-01 1.425047445154318929e-04
2.186875000000000346e-01 1.972060879210854329e-04
2.385625000000000107e-01 2.793226494619263298e-04
2.584374999999999867e-01 3.705756498108345306e-04
2.783125000000000182e-01 4.582260423783698021e-04
2.981875000000000497e-01 5.359378542771871864e-04
3.180625000000000258e-01 5.791718894429214023e-04
3.379375000000000018e-01 6.086397294665807931e-04
3.578124999999999778e-01 6.140746885160253783e-04
3.776875000000000093e-01 6.176296080346285787e-04
3.975625000000000409e-01 6.053579044321435966e-04
4.174375000000000169e-01 5.928331192853825366e-04
4.373124999999999929e-01 6.096729919070143291e-04
4.571875000000000244e-01 6.213737477741986155e-04
4.770625000000000004e-01 6.479564372915549509e-04
4.969374999999999765e-01 6.628462524701822685e-04
5.168125000000000080e-01 6.726625241039045676e-04
5.366874999999999840e-01 6.856354995575579493e-04
5.565625000000000711e-01 7.204857593687287974e-04
5.764374999999999361e-01 7.308915528315145134e-04
5.963125000000000231e-01 7.550920072403469532e-04
6.161875000000001101e-01 7.609553048674321972e-04
6.360624999999999751e-01 7.585135510226303493e-04
6.559375000000000622e-01 7.450048578947912961e-04
6.758124999999999272e-01 7.319652626880592417e-04
6.956875000000000142e-01 7.023873198584712615e-04
7.155625000000001013e-01 6.974633016328594774e-04
7.354374999999999662e-01 7.067579516605291580e-04
7.553125000000000533e-01 7.304820634946423410e-04
7.751875000000000293e-01 7.490042416179268922e-04
7.950625000000000053e-01 7.723005992819072631e-04
8.149375000000000924e-01 7.618656639940596300e-04
8.348124999999999574e-01 7.299851294055941485e-04
8.546875000000000444e-01 6.805149790693505599e-04
8.745625000000000204e-01 6.244484554387415114e-04
8.944374999999999964e-01 5.681469176602170794e-04
9.143125000000000835e-01 5.174422948135244064e-04
9.341874999999999485e-01 4.617375185912660543e-04
9.540625000000000355e-01 3.949083303692635968e-04
9.739375000000000115e-01 3.432978232208166048e-04
9.938124999999999876e-01 2.862063671097247845e-04
1.013687500000000075e+00 2.409533514897880624e-04
1.033562499999999940e+00 1.953806696557490821e-04
1.053437500000000027e+00 1.542893169378820257e-04
1.073312500000000114e+00 1.270326294207527542e-04
1.093187499999999979e+00 1.057686982367692465e-04
1.113062500000000066e+00 8.561592643968755142e-05
1.132937500000000153e+00 6.765125005804650089e-05
1.152812500000000018e+00 5.262604494531066424e-05
1.172687499999999883e+00 4.159789342895289148e-05
1.192562500000000192e+00 3.265687917317588426e-05
1.212437500000000057e+00 2.589727261069875449e-05
1.232312499999999922e+00 1.939228383707175253e-05
1.252187500000000009e+00 1.486805545566935750e-05
1.272062500000000096e+00 1.165625147533624323e-05
1.291937499999999961e+00 8.894320621695933984e-06
1.311812500000000048e+00 7.189781493263608366e-06
1.331687500000000135e+00 5.512035773015842880e-06
1.351562500000000000e+00 4.004777595213559356e-06
1.371437499999999865e+00 2.465425707051923450e-06
1.391312500000000174e+00 1.406851325188444254e-06
1.411187500000000039e+00 5.609276653323850270e-07
1.431062499999999904e+00 1.215924132547895326e-07
1.450937499999999991e+00 -2.585921730304969275e-07
1.470812500000000078e+00 -2.234090695871707277e-07
1.490687499999999943e+00 -7.106168219624234274e-08
1.510562500000000030e+00 -1.184361369937271353e-08
1.530437500000000117e+00 4.737445479749733920e-08
1.550312499999999982e+00 7.698348904593322914e-08
1.570187500000000069e+00 4.737445479750079351e-08
1.590062500000000156e+00 -7.106168219623477238e-08
