2.006329113924050847e-02 8.738370362958398224e-03
4.018987341772152500e-02 8.723999848181273123e-03
6.031645569620253111e-02 8.301276781016471776e-03
8.044303797468355111e-02 7.554912723835506723e-03
1.005696202531645572e-01 6.569619239009898311e-03
1.206962025316455633e-01 5.430107888911186835e-03
1.408227848101265833e-01 4.527946444260074615e-03
1.609493670886076033e-01 3.208477385055808363e-03
1.810759493670886233e-01 1.749620028546582324e-03
2.012025316455696433e-01 9.724729047508674827e-04
2.213291139240506356e-01 6.022814384107527718e-04
2.414556962025316555e-01 5.992906224551742536e-04
2.615822784810126755e-01 6.102070379600381964e-04
2.817088607594936400e-01 5.010293032794672441e-04
3.018354430379747155e-01 4.239078185411302812e-04
3.219620253164556800e-01 3.303952659118620659e-04
3.420886075949367555e-01 2.414954492292435576e-04
3.622151898734177200e-01 1.694980926783551118e-04
3.823417721518987955e-01 1.416732205538742196e-04
4.024683544303797600e-01 1.190342816799425807e-04
4.225949367088607800e-01 1.251234091215276591e-04
4.427215189873418000e-01 1.338048380791364254e-04
4.628481012658227645e-01 1.349641909498284359e-04
4.829746835443038400e-01 1.329072424715939708e-04
5.031012658227848044e-01 1.151573784305496553e-04
5.232278481012657689e-01 9.609952252790639009e-05
5.433544303797468444e-01 7.918891867525968602e-05
5.634810126582279199e-01 6.788081078420550119e-05
5.836075949367088844e-01 6.563044276633953620e-05
6.037341772151898489e-01 1.470191235510931807e-04
6.238607594936709244e-01 1.285025598812812131e-04
6.439873417721519999e-01 1.560284220545604943e-04
6.641139240506328534e-01 2.233243947170753549e-04
6.842405063291139289e-01 3.241181625149702067e-04
7.043670886075950044e-01 4.521374100943897326e-04
7.244936708860759689e-01 5.983057557560148834e-04
7.446202531645569334e-01 7.706365187187142482e-04
7.647468354430380089e-01 9.451204726976247805e-04
7.848734177215190844e-01 1.123781626702051928e-03
8.050000000000000488e-01 1.262049116498697087e-03
8.251265822784810133e-01 1.365206103154748517e-03
8.452531645569620888e-01 1.449227578906995455e-03
8.653797468354430533e-01 1.496069690855139417e-03
8.855063291139240178e-01 1.529394082523670081e-03
9.056329113924050933e-01 1.556540574909784412e-03
9.257594936708861688e-01 1.557795646762202444e-03
9.458860759493671333e-01 1.528313640658755107e-03
9.660126582278480978e-01 1.466252190390071033e-03
9.861392405063291733e-01 1.398343585116640060e-03
1.006265822784810027e+00 1.303098199099350651e-03
1.026392405063291324e+00 1.214531498024445282e-03
1.046518987341772178e+00 1.120856399588785390e-03
1.066645569620253031e+00 1.034515331657771299e-03
1.086772151898734329e+00 9.862515471532726143e-04
1.106898734177215182e+00 9.610279974335447610e-04
1.127025316455696258e+00 9.412305748415713018e-04
1.147151898734177333e+00 9.227948778677778213e-04
1.167278481012658187e+00 9.032457520715235499e-04
1.187405063291139262e+00 8.803091637996879153e-04
1.207531645569620338e+00 8.605811515307494478e-04
1.227658227848101191e+00 8.338850274401519600e-04
1.247784810126582489e+00 7.975408605493801385e-04
1.267911392405063342e+00 7.601878579936240153e-04
1.288037974683544196e+00 7.327853542251922675e-04
1.308164556962025493e+00 7.026511225762223844e-04
1.328291139240506347e+00 6.821737413045060637e-04
1.348417721518987200e+00 6.654968719443384679e-04
1.368544303797468498e+00 6.394716640636515783e-04
1.388670886075949351e+00 6.120282163691841007e-04
1.408797468354430427e+00 5.975057641647412701e-04
1.428924050632911502e+00 5.728774491304627035e-04
1.449050632911392356e+00 5.379866764580314717e-04
1.469177215189873431e+00 5.044470771230001420e-04
1.489303797468354507e+00 4.830437641659494886e-04
1.509430379746835360e+00 4.388756452833001841e-04
1.529556962025316658e+00 3.771981012837405931e-04
1.549683544303797511e+00 2.933183784996939753e-04
1.569810126582278365e+00 1.825437232635854603e-04
1.589936708860759662e+00 4.018138190784008990e-05
