6.250000000000000000e-01 5.050986829015392262e-05
6.750000000000000444e-01 5.625121897013722974e-05
7.249999999999999778e-01 6.191751234147608533e-05
7.749999999999999112e-01 6.719394445356233236e-05
8.249999999999999556e-01 7.176571135578777992e-05
8.750000000000000000e-01 7.531800909754452172e-05
9.249999999999999334e-01 7.681807020616157188e-05
9.749999999999999778e-01 7.651257534873573776e-05
1.024999999999999911e+00 7.501633547539541657e-05
1.074999999999999734e+00 7.365444402062924800e-05
1.125000000000000000e+00 7.226380947210534855e-05
1.174999999999999822e+00 7.026222554545026263e-05
1.225000000000000089e+00 6.738568085533857242e-05
1.274999999999999911e+00 6.570306101755147589e-05
1.324999999999999734e+00 6.374455230375156622e-05
1.375000000000000000e+00 6.233333466297285858e-05
1.424999999999999822e+00 6.046787559476984815e-05
1.475000000000000089e+00 5.915118802077730240e-05
1.524999999999999911e+00 5.708903939855439414e-05
1.574999999999999734e+00 5.421593857403550335e-05
1.625000000000000000e+00 5.106356089926410304e-05
1.674999999999999822e+00 4.758293514852750223e-05
1.724999999999999867e+00 4.307688494270992354e-05
1.774999999999999911e+00 4.017166451626473327e-05
1.824999999999999956e+00 3.716061721775324914e-05
1.875000000000000000e+00 3.494094602681573021e-05
1.924999999999999822e+00 3.381883999342838459e-05
1.974999999999999867e+00 3.258933855877623132e-05
2.024999999999999911e+00 3.028397579142994210e-05
2.074999999999999734e+00 2.885678444666479054e-05
2.125000000000000000e+00 2.756904993249639359e-05
2.174999999999999822e+00 2.639326346810992141e-05
2.224999999999999645e+00 2.504301746005256602e-05
2.274999999999999911e+00 2.404098290550289279e-05
2.324999999999999734e+00 2.256368724612097765e-05
2.375000000000000000e+00 2.117841397656217348e-05
2.424999999999999822e+00 1.962237442815271447e-05
2.474999999999999645e+00 1.810038635764453946e-05
2.524999999999999911e+00 1.656225154788726480e-05
2.574999999999999734e+00 1.510509136592615380e-05
2.625000000000000000e+00 1.366903049677197693e-05
2.674999999999999822e+00 1.259975445245301651e-05
2.724999999999999645e+00 1.130766223994108250e-05
2.774999999999999911e+00 1.036191838682867885e-05
2.825000000000000178e+00 9.353920940533895528e-06
2.875000000000000000e+00 8.748710984480548701e-06
2.924999999999999822e+00 7.851449352222025332e-06
2.974999999999999645e+00 7.382503904725263297e-06
3.024999999999999911e+00 6.798791377955165577e-06
3.075000000000000178e+00 6.279504144083677934e-06
3.125000000000000000e+00 5.884727131248464425e-06
3.174999999999999822e+00 5.548717308515667326e-06
3.224999999999999645e+00 5.001959551648516426e-06
3.274999999999999911e+00 4.558787120740958325e-06
3.324999999999999734e+00 3.999406328339323375e-06
3.375000000000000000e+00 3.647556164662449050e-06
3.424999999999999822e+00 2.983214852781264824e-06
3.474999999999999645e+00 2.582345360832665616e-06
3.524999999999999911e+00 2.187279856737071119e-06
3.574999999999999734e+00 1.856989249397160656e-06
3.625000000000000000e+00 1.656067472248016402e-06
3.674999999999999822e+00 1.478394849244958493e-06
3.724999999999999645e+00 1.363260134529734566e-06
3.774999999999999911e+00 1.326106154296236200e-06
3.824999999999999734e+00 1.224166388447733049e-06
3.875000000000000000e+00 1.139328049780017225e-06
3.924999999999999822e+00 9.892015642856772661e-07
3.974999999999999645e+00 8.557654341764636441e-07
4.025000000000000355e+00 7.464129738589558983e-07
4.074999999999999289e+00 6.468900682193354489e-07
4.125000000000000000e+00 4.739943667159298031e-07
4.174999999999998934e+00 3.484448242684245205e-07
4.224999999999999645e+00 2.791491396547828934e-07
4.275000000000000355e+00 2.497918896185319780e-07
4.324999999999999289e+00 2.247469292623955617e-07
4.375000000000000000e+00 1.888532117505234706e-07
4.424999999999998934e+00 1.269496902470667745e-07
4.474999999999999645e+00 2.387531791617681469e-08
